0 -7.653078868813447 83.04704929836 443.6942166015704
0 628.4932 526.1427 0
1 21.970090954825096 84.92107097193269 440.37398837736475
1 689.72363 531.3052 0
2 51.763315485513615 86.78127829795156 436.8565857967357
2 752.28796 536.59894 0
3 81.82369518772853 89.06865326983089 434.52716157355263
3 815.9594 542.36475 0
4 112.28961444560356 91.5059788479408 432.3910562427853
4 881.067 548.42255 0
5 142.48914211995563 93.6764860376492 429.1026568277822
5 947.0675 554.5082 0
6 -6.226376841524141 53.337117443826365 439.71804262506623
6 631.31006 466.13095 0
7 23.401114430566032 55.00983796520899 435.3424576499122
7 693.2474 470.74203 0
8 53.13184482332693 56.94839579676497 432.3469977505126
8 756.30194 475.62442 0
9 83.09122970726997 59.07741288310478 430.4749683706251
9 820.2614 480.65192 0
10 113.53735789747013 61.44516296349211 428.57037834672553
10 885.8337 486.2407 0
11 144.0018504407854 63.559569044217454 425.3678298660745
11 952.96985 491.75253 0
12 -4.701784734145276 23.652033676448244 435.1371315459041
12 634.3695 405.14465 0
13 24.806739175742404 25.45472264275786 430.6149476960973
13 696.7626 409.4785 0
14 54.41173637787797 27.261058413742372 427.56464759687833
14 760.2856 413.71146 0
15 84.34642278302104 29.394463308657947 426.02510513032666
15 824.7872 418.48346 0
16 114.87495271900457 31.493786198761875 424.1462972615701
16 891.2299 423.271 0
17 145.5542014924649 33.609211509931505 421.8426939405572
17 958.906 428.2089 0
18 -3.340044615927414 -6.009737711416346 430.3152512085628
18 637.14514 342.90283 0
19 26.26535344186867 -4.110789913849877 426.2342218233703
19 700.4235 346.83975 0
20 55.801595742438394 -2.1353417841023856 423.2916470707918
20 764.4517 351.03027 0
21 85.70847727532261 -0.3594018354522684 421.6393582392252
21 829.61145 354.84946 0
22 116.27012967708298 1.6002381211021957 419.96447527285795
22 896.7193 359.09735 0
23 146.81363067930158 3.5694081005666543 417.1136660036421
23 965.2274 363.42194 0
