0 24.758357338430486 32.881255852026 452.1987541603909
0 694.1573 421.86984 0
1 50.94309024010763 44.500851281262975 443.98026111511103
1 748.8692 446.9387 0
2 77.59252354040717 56.38109283143698 436.7886141569947
2 806.23566 473.22095 0
3 104.51673436850753 68.42497485226663 429.3142214148049
3 866.25226 500.82574 0
4 131.5894440928 80.47277043780814 420.89186203050264
4 929.3575 529.80865 0
5 158.1481635421512 92.29807135048844 411.72360011079076
5 994.53687 559.8531 0
6 36.79012958331416 5.537799234595042 452.0124392812354
6 718.45386 366.78726 0
7 63.10821524956769 17.12268113668265 444.1991074704059
7 773.79443 390.74326 0
8 89.7595432727791 28.87201156173498 437.27568226112595
8 831.4314 415.77774 0
9 116.86513179449211 40.778824430229484 429.978580884649
9 892.10077 442.02612 0
10 143.83693386757147 52.752749869740995 421.31220313781273
10 955.5849 469.69498 0
11 170.46275352601694 64.53287234841257 412.01478001908066
11 1021.548 498.31638 0
12 48.7894675936717 -21.744728463090958 451.8585174160241
12 742.69794 311.78525 0
13 75.18438985401774 -10.233245928253334 444.56499476504536
13 798.46155 334.6557 0
14 101.9974711231586 1.37070416972051 437.56954037916853
14 856.8126 358.4798 0
15 129.08775579094888 13.147777985298811 430.12986925668685
15 917.92926 383.47305 0
16 156.13914732794166 24.96974067045261 421.39017787043707
16 982.1527 409.6089 0
17 182.49420026010395 36.73551190803747 411.6852069620408
17 1048.5033 436.9179 0
18 60.960356981058396 -49.12995002332802 452.773482442083
18 767.01434 256.77255 0
19 87.47312978951868 -37.63479482427612 445.070870059859
19 823.4674 278.59122 0
20 114.31039740708816 -26.11724249568693 437.8211074514638
20 882.339 301.2813 0
21 141.43906140611045 -14.537386929702405 429.9731154644875
21 944.2271 324.82452 0
22 168.1957894652687 -2.78266214353824 420.98255420571024
22 1008.5991 349.60425 0
23 194.41961722431748 8.979609386491614 411.2759774590819
23 1075.3502 375.51672 0
