0 77.28551807914062 14.372169230388424 494.2046806861565
0 786.8468 382.11966 0
1 107.03598277943556 20.55852621427113 495.1500740427103
1 841.3712 393.45123 0
2 137.3479625717501 26.771019921316128 496.1002594518692
2 896.71765 404.78714 0
3 167.4131088084414 33.08876207684211 495.2677472133363
3 952.50525 416.4909 0
4 196.96772068570667 39.314084315327655 493.17665475887924
4 1008.4662 428.24866 0
5 226.10347064778475 45.30119662177229 490.9760473196544
5 1064.2195 439.68338 0
6 83.33583476973263 -14.36988902943145 499.65114217381483
6 796.3357 329.4253 0
7 113.28207265531942 -8.353857499622269 501.16696581812306
7 850.3707 340.44043 0
8 143.57509946813923 -2.282255710434604 502.1668420454218
8 904.9767 351.4856 0
9 173.6268980885328 3.8897910138292566 501.17060229282885
9 960.1818 362.69678 0
10 202.95922365986954 10.0771092086604 498.69916592275956
10 1015.3897 374.03473 0
11 232.17151813164907 16.23483479217127 496.68871326493297
11 1070.5309 385.40363 0
12 89.64176741503286 -43.28545869503356 506.37948345257735
12 805.67175 277.752 0
13 119.3634393722497 -37.32326035385003 506.60467408621014
13 859.1059 288.50833 0
14 149.60423294971514 -31.3352883962322 507.0070890655584
14 913.3326 299.3211 0
15 179.57224471960708 -25.23162205885826 506.24126554625093
15 967.7278 310.2199 0
16 208.92135573784896 -19.014112687714235 503.7624276097409
16 1022.45294 321.2404 0
17 237.93548992396947 -12.821530547688688 501.83765216383716
17 1076.632 332.35028 0
18 95.72761695589308 -72.15185310536859 511.86188466674884
18 814.78595 227.2094 0
19 125.75238336154649 -66.44883234593651 512.7114733487548
19 867.9111 237.55566 0
20 155.46786184910553 -60.305390549260956 511.3625382158137
20 921.49817 248.18904 0
21 185.39118819826894 -54.25610515800336 510.5943462264635
21 975.36334 258.8207 0
22 214.43827390126995 -48.03472294415907 508.2195642760926
22 1029.036 269.5206 0
23 243.9404361091274 -41.829468237962715 507.20470854138966
23 1082.8539 280.4939 0
