0 63.47882152094668 104.49548497352757 553.9899599668327
0 748.726 527.46515 0
1 88.63039829805427 88.50142577821963 551.345354342001
1 790.83167 501.86157 0
2 114.11424755321482 72.65671060119615 549.4614719552739
2 833.6329 476.09213 0
3 139.48659260174801 56.53262760186743 546.0923085191015
3 877.17474 449.9364 0
4 165.31371520695834 40.47265570672937 543.4848909540685
4 921.6321 423.46832 0
5 190.7239337266361 24.215070536220747 539.277261020525
5 966.76935 396.53323 0
6 47.49940361005997 78.97636610076017 556.2888975884338
6 722.09674 484.96313 0
7 72.41639550169353 62.93785220613921 552.6171170110025
7 763.73566 459.3822 0
8 97.49390708109969 46.91279687780164 549.6382795065874
8 805.9941 433.38324 0
9 123.04036385275684 30.94087679770661 547.9966417517493
9 848.9945 407.06366 0
10 148.68517056536638 14.824602982272129 545.057574938657
10 893.0083 380.40405 0
11 174.41234298357847 -1.3639591012702799 542.066332137487
11 937.66614 353.33368 0
12 31.547927667335212 53.633417558408766 557.5338907688542
12 695.82965 443.26364 0
13 56.42650331964342 37.630858888182956 554.5137938450832
13 737.0284 417.45016 0
14 81.40869297508344 21.57718024305622 551.2320970356025
14 778.9136 391.28644 0
15 106.7305895711733 5.517787804728184 549.3731611941074
15 821.4058 364.77606 0
16 132.2530444451762 -10.65615047847057 547.0822302834109
16 864.69464 337.88107 0
17 157.86651096383753 -26.91177988475309 543.7313354552992
17 909.0151 310.53555 0
18 15.720242134978879 28.473709969975772 560.8629200328272
18 669.7863 401.87622 0
19 40.497189558712215 12.357391973776846 555.8288498403028
19 710.67194 375.88007 0
20 65.44595826460782 -3.645390660893845 553.1792309786473
20 752.1223 349.6225 0
21 90.56489760923085 -19.73269642951247 550.8226628956099
21 794.17377 322.9897 0
22 115.82559176708165 -35.90834373361425 547.9445460434833
22 837.0056 295.9245 0
23 141.34887603001692 -52.234331020686795 544.9846522539367
23 880.76465 268.3091 0
