0 80.01363302676594 70.76048054914153 485.12739627087143
0 794.6441 488.50656 0
1 106.91590856031702 57.104728846957514 484.1826272383968
1 845.6107 463.07178 0
2 133.9274007183317 43.30224031647681 482.2080763373275
2 897.5225 437.43524 0
3 161.1105177782278 29.407037967241305 480.18248436176117
3 950.21967 411.41794 0
4 187.7281281768724 15.359525382487043 476.396663109984
4 1003.60767 384.99814 0
5 214.17601566201515 1.3616906805631317 472.820915234752
5 1057.3398 358.24966 0
6 65.77140085174027 43.96368793358794 483.41167825517886
6 768.30853 438.4781 0
7 92.35884949691929 30.24656290622522 482.14347913721383
7 818.9268 412.7773 0
8 119.46417499528567 16.425133580711044 481.4692359580306
8 870.5148 386.705 0
9 146.58597813557964 2.5216507173217675 479.4085025495219
9 923.0828 360.41788 0
10 173.36135587016585 -11.46281090821114 475.9564146362295
10 976.41113 333.6853 0
11 200.0851494243577 -25.453528528836106 472.7691683304146
11 1030.2028 306.57755 0
12 51.798977214665484 17.478554729245676 482.5117863719283
12 742.1304 388.62677 0
13 78.22064256334795 3.6810515216664466 480.97288148842387
13 792.5436 362.59833 0
14 105.11303088351983 -10.16252032126967 480.32120016407066
14 843.8065 336.35092 0
15 132.12079481100184 -24.18776786052392 478.3411230797032
15 896.12573 309.55957 0
16 159.06522683260872 -38.22508225540241 475.50539409751167
16 949.30664 282.39087 0
17 185.74749590694506 -52.27346628183987 472.05628330620164
17 1003.0855 254.74393 0
18 37.86509974333648 -8.921135731833228 482.1109623527327
18 715.85315 338.76825 0
19 64.22749774765126 -22.730458558263177 480.2184421001814
19 766.20154 312.5043 0
20 90.85512303974794 -36.707228640205926 478.7812124301168
20 817.2893 285.7801 0
21 117.77333369325837 -50.77125958445368 477.1118832230687
21 869.34937 258.68127 0
22 144.64549901295115 -64.84766505295308 474.3777993658883
22 922.30945 231.08955 0
23 171.3000885872909 -78.79470094607456 471.077492962392
23 975.86096 203.24489 0
