0 71.43339609749185 85.9825324332465 496.5154838503473
0 775.4338 513.38855 0
1 97.60639825955602 71.05270440047863 497.9260402301595
1 823.0008 485.62567 0
2 124.11663637907617 56.10798744540388 499.62252118608023
2 870.7853 457.9339 0
3 150.47342724845893 40.93670617001486 499.61092924780127
3 918.9031 430.27216 0
4 176.87108076487752 25.673218856151447 499.4682592592733
4 967.18243 402.45328 0
5 202.89334888441257 10.335553657295371 498.3983024555991
5 1015.4932 374.51825 0
6 56.16749009133038 60.07242655605417 499.42150688507616
6 746.79285 465.2068 0
7 82.08797231518946 45.01966665663797 500.0983143817515
7 793.924 437.63724 0
8 108.38332804196243 29.93230682406813 501.6270445719322
8 841.27527 409.9868 0
9 134.8495600316458 14.858245257231664 502.7939729996463
9 888.8244 382.5478 0
10 161.37189524113757 -0.3981041111892845 503.12866884173854
10 936.7379 354.90515 0
11 187.7491226465 -15.687877912299333 502.76749363755727
11 984.7956 327.1995 0
12 41.099526127283724 34.29856895940836 501.8125540809339
12 718.91925 417.89343 0
13 66.86892030640672 19.26694473624597 502.48654235752923
13 765.59015 390.5573 0
14 93.04151549619051 4.195403094850892 504.4158525906604
14 812.44714 363.20325 0
15 119.36620758708493 -11.041184263795397 505.7173539601954
15 859.4879 335.73602 0
16 145.8212471333218 -26.289905393706505 506.2325165414615
16 906.9291 308.31464 0
17 172.0617930850598 -41.618702643910986 505.5120720411964
17 954.64465 280.62216 0
18 26.151331117143524 8.727847382678155 505.3412787582293
18 691.42017 371.36035 0
19 51.7977387978296 -6.319408447786829 505.3736262175892
19 737.6991 344.23425 0
20 77.68509572105128 -21.468730751215787 506.41109695675755
20 784.12866 317.00446 0
21 103.80056206792408 -36.697162089922514 507.5537501287343
21 830.7397 289.75763 0
22 130.21631603773488 -52.034578219762786 508.502673704713
22 877.7686 262.40253 0
23 156.59548282847325 -67.47913414156639 508.5058225119532
23 925.07825 234.7333 0
