0 56.298159617998685 66.43712265175532 442.37410684592817
0 760.28925 492.44537 0
1 82.28054539855334 51.39992716706788 443.22666210639676
1 813.5287 461.27444 0
2 108.72576683272857 36.41101506817938 444.85138520489704
2 867.12665 430.1926 0
3 135.20298588119715 21.216757543125727 445.5742703129546
3 920.95886 399.00558 0
4 161.55641758180187 5.929354148206386 445.1882890542057
4 975.18604 367.7596 0
5 187.43347983295058 -9.385056382146585 443.9033724227851
5 1029.3088 336.36517 0
6 41.17087127117412 40.65252483949434 445.4731845187815
6 728.5121 438.76263 0
7 66.94457038426751 25.52767582169947 445.53004433888805
7 781.26044 407.82483 0
8 93.02584387947489 10.42195892267568 446.8011316385194
8 834.1074 376.87613 0
9 119.5139082342273 -4.750698290482301 448.16861121594377
9 887.43024 345.969 0
10 145.97334477397035 -20.072901318361765 448.3481719447518
10 941.1552 314.83905 0
11 172.2225052803276 -35.35226295629044 447.8064012763215
11 994.9737 283.70538 0
12 26.158774967814075 15.012972469347394 448.3325250159507
12 697.43665 386.13254 0
13 51.77638721745308 -0.07589671032581784 448.1384746536024
13 749.59406 355.4717 0
14 77.67836158566352 -15.205008847340688 449.1395718900239
14 801.9548 324.78476 0
15 103.96208825254743 -30.45092101924889 450.6405909209776
15 854.6224 294.06628 0
16 130.3385135243247 -45.81208031219598 450.94574213470736
16 907.82446 263.07477 0
17 156.761136245361 -61.246119878507415 450.869136444958
17 961.3162 231.87334 0
18 11.137702202829939 -10.570167341408869 452.1183742048672
18 666.6908 334.32715 0
19 36.80609884432402 -25.656398788073407 451.65307249834467
19 718.54517 303.87518 0
20 62.57309607296078 -40.74886260026017 452.01943235399716
20 770.4731 273.4992 0
21 88.66097820347836 -56.12474344373509 453.3298957566417
21 822.59155 242.83707 0
22 114.91876037287176 -71.5504822435197 453.61054186366414
22 875.27374 211.92628 0
23 141.21648264335448 -86.95511960456311 453.47023605038527
23 928.23444 180.93407 0
