0 -101.30769312219427 118.31099426356248 472.1595948009992
0 448.5418 583.9033 0
1 -81.92233479181506 95.63491993088641 478.6780788173974
1 488.1407 537.63776 0
2 -62.5260635901119 72.91069246216985 484.23931493108915
2 526.46375 492.79553 0
3 -43.16995918930648 50.259563873215505 488.9534964302373
3 563.7025 449.2695 0
4 -23.841690378887993 27.618033766271704 493.2220290089747
4 600.13885 406.63852 0
5 -4.624085269300195 5.110933174536405 496.7717365487046
5 635.7348 364.9988 0
6 -124.50344313704124 99.21822161235218 475.2607638078739
6 405.30698 545.81525 0
7 -104.88228501895263 76.36449513891034 480.59416847904316
7 445.19272 500.38297 0
8 -85.58450593667257 53.72937961096191 486.61762227566265
8 483.82376 456.215 0
9 -66.2002603584662 31.113279872869242 491.65171102352974
9 521.4236 413.27805 0
10 -46.91585717168951 8.57612984801825 496.7071410187395
10 558.0816 371.3556 0
11 -27.601756046700718 -13.989491936590326 500.81282549258214
11 593.9598 330.17804 0
12 -147.5061512675464 79.96675508777456 477.2401490232949
12 362.33972 508.27676 0
13 -128.0096846423925 57.206981327418774 482.88793386732
13 402.4586 463.55276 0
14 -108.58178806625237 34.56632818727518 488.67095236370704
14 441.57794 420.06714 0
15 -89.32952638437406 11.9613173586424 494.5973424303013
15 479.50604 377.658 0
16 -70.0031093440486 -10.596089318399523 499.7870875555315
16 516.4831 336.31134 0
17 -50.65316671851275 -33.18523746260832 504.4146054486845
17 552.6406 295.69055 0
18 -170.83462581113793 60.86813891403688 480.03015177267685
18 319.65646 471.14355 0
19 -151.07832519461687 38.06060121578382 484.9156469080524
19 360.08316 427.13092 0
20 -131.65072210101624 15.443740885292302 490.66686594135314
20 399.52386 384.30026 0
21 -112.38431782679243 -7.1706373357403805 496.5700974607595
21 437.81775 342.4706 0
22 -93.08898721281129 -29.78790536132522 502.12756405862524
22 475.148 301.5814 0
23 -73.68504120535975 -52.30484202929946 506.59616238131156
23 511.5716 261.56567 0
