0 107.16786925458685 35.57705231801202 461.92741663245477
0 855.8108 425.79135 0
1 135.65373524985463 24.225919627099103 461.92460430094263
1 912.05347 403.40485 0
2 163.90452806573603 12.698622158149458 460.6869265008903
2 968.70013 380.73776 0
3 191.95674101332693 1.1404140522152306 458.76142333471313
3 1025.8291 357.89066 0
4 218.89696942622098 -10.397882869134987 455.39147286136716
4 1082.6058 334.8249 0
5 246.55539551769934 -21.942213916210513 454.2831286032852
5 1139.2017 311.6232 0
6 95.46202238984178 7.735443449721255 463.71793057404625
6 831.9716 370.823 0
7 123.74758391104977 -3.708875879876875 463.7335118134649
7 887.5934 348.3398 0
8 152.30981027880637 -15.286329117950263 463.58208998514783
8 943.8634 325.5858 0
9 180.2042901063133 -26.83954679504317 461.1878237970454
9 1000.58075 302.60794 0
10 207.74971033877782 -38.327339998114944 458.6726518321813
10 1057.305 279.50012 0
11 235.01471970269364 -49.71378237220977 456.67240705563216
11 1113.5645 256.45184 0
12 83.93259238121458 -19.85102267607934 465.7770071571674
12 808.56665 316.79922 0
13 112.10812137918256 -31.4015949933124 465.9858509843306
13 863.63684 294.2349 0
14 140.44401496563412 -43.06922676716549 465.2347165380083
14 919.5383 271.28836 0
15 168.45820777866635 -54.64958879939349 463.3368977224067
15 975.80756 248.17351 0
16 196.0968535157586 -66.09022718992723 461.04108795801267
16 1032.132 225.03174 0
17 223.52080978162076 -77.48705476591019 459.2725617686806
17 1088.0831 201.92201 0
18 72.49732359141916 -47.33374808466012 467.75162864032535
18 785.5768 263.43637 0
19 100.4950426389635 -59.007983872666095 467.7323921842075
19 840.1738 240.6943 0
20 128.7262654943952 -70.76029100164631 467.14150581236
20 895.53784 217.62964 0
21 156.84869088725767 -82.36806341360231 465.6334430029959
21 951.43335 194.47197 0
22 184.65149696232737 -93.86222425986901 463.72414303780937
22 1007.378 171.2274 0
23 211.96238744383336 -105.11715808325421 461.74649273468526
23 1062.8757 148.23186 0
