0 90.40398066095472 93.14416095907845 459.1555787501529
0 823.7905 540.43463 0
1 121.13311505684831 93.69194273920888 459.50803312637726
1 884.6423 541.3789 0
2 151.6441912095971 93.91406507478078 458.61805837989004
2 945.783 542.1806 0
3 181.75224438685225 93.86408152412172 456.702859932128
3 1007.17145 542.8632 0
4 211.58375594160293 93.70326102285955 455.0314332382526
4 1068.295 543.229 0
5 240.8039773550315 93.38963899966053 453.0681663614182
5 1128.9517 543.4113 0
6 90.09390682515445 62.949722847353435 455.53409581977206
6 824.5973 481.51837 0
7 120.79928100949255 63.41534304013114 456.19902327625454
7 885.71875 482.2647 0
8 151.6762320384994 63.707413926561536 456.0940134356061
8 947.5159 482.87726 0
9 181.7195629336291 63.65620563916459 453.7672811814265
9 1009.4538 483.42694 0
10 211.2767837570244 63.5404099045834 451.4353620440865
10 1071.053 483.85342 0
11 240.97499424419237 63.475779023352736 450.0951113728074
11 1132.5 484.10443 0
12 89.81373746135992 32.94184042014001 452.01179745755337
12 825.43756 422.01935 0
13 120.5491639766793 33.24184007712185 452.85936461714743
13 886.996 422.4986 0
14 151.3210566795456 33.40961981312257 452.37110440166896
14 949.2959 422.90866 0
15 181.49961987034627 33.5066093800447 450.4208910766286
15 1011.7219 423.39615 0
16 211.1978183837435 33.41818517779847 448.07425542214975
16 1074.094 423.5713 0
17 240.5403972827272 33.388863179599646 446.345933359581
17 1135.7134 423.77454 0
18 89.65184811910461 3.1325408922741187 448.50646290376676
18 826.52466 361.9889 0
19 120.25450392315733 3.186960141612478 449.03165328933176
19 888.467 362.09186 0
20 151.06340252148445 3.3137462685957635 448.8562398090078
20 951.1613 362.3517 0
21 181.3636099953833 3.350167172886715 447.02100215899515
21 1014.2395 362.45355 0
22 211.29672032310293 3.4108148481808267 445.3767056048024
22 1076.9001 362.6028 0
23 240.9488586403888 3.3795585178566205 443.99874514178987
23 1139.1506 362.56033 0
