0 113.32279907944977 39.22892954989311 544.3833879329079
0 834.0738 421.275 0
1 144.0319828760608 41.09104283728733 545.6931211681964
1 884.9418 424.22617 0
2 174.73534743090164 42.79304543231032 545.5323854640491
2 936.34174 427.08865 0
3 205.2267312951443 44.5965000187939 544.9489465002641
3 987.6837 430.18008 0
4 234.909310569262 45.96776762832451 542.5323858883085
4 1039.1105 432.8148 0
5 264.1789037896707 47.451336444315416 540.358212870712
5 1090.1 435.6266 0
6 114.81648712641578 9.80170986903733 538.9472161833191
6 838.51636 372.19446 0
7 145.47877143563673 11.387762868112823 540.0218693286258
7 889.91315 374.83716 0
8 175.90044792662064 13.022961136616246 539.3289964225349
8 941.6719 377.62396 0
9 206.44516163805977 14.736092802202046 538.467433575006
9 993.8816 380.55756 0
10 236.20823740347973 16.297674878928717 536.4735314172647
10 1045.7784 383.30203 0
11 265.9396108704859 17.9695556260441 535.3028520144105
11 1097.3105 386.2079 0
12 116.19720299012721 -19.66703847635669 532.8193547359679
12 843.1142 321.9992 0
13 146.8431705727621 -18.17446470020593 533.9334879909054
13 895.0452 324.61606 0
14 177.3530356888282 -16.612855959078008 533.2104480466417
14 947.5696 327.2421 0
15 207.58493478583256 -15.024594388375471 531.8421728584798
15 1000.19183 329.88968 0
16 237.391174538468 -13.371907986741745 530.1955683211063
16 1052.568 332.6495 0
17 266.9802754737868 -11.707865495497028 528.9458399432768
17 1104.5502 335.46124 0
18 117.69695553944435 -49.19591468312173 527.3788518627044
18 847.7595 270.64285 0
19 148.39672003227014 -47.811431808094156 528.017333092205
19 900.5389 273.13434 0
20 178.84270325860604 -46.306439819718015 527.4164156242733
20 953.47797 275.63995 0
21 209.15305796835634 -44.63588325055301 526.4142138271005
21 1006.57904 278.37875 0
22 238.66509683312674 -43.01884158316517 524.3049597815983
22 1059.3717 280.87772 0
23 268.26276988620367 -41.28667388642906 523.1026527377708
23 1111.9281 283.7226 0
