0 32.75220921667099 38.42255424462649 547.1104173722222
0 698.8203 419.60504 0
1 62.148691659466145 34.45719957543502 549.5163979836194
1 747.3692 412.75095 0
2 91.84760895819144 30.586364466070457 553.7390552418168
2 795.49664 405.947 0
3 122.17788117852712 26.80728535945548 559.2581370772637
3 843.46466 399.29437 0
4 152.57533597139988 22.934179080773397 563.1241860708972
4 891.3269 392.7287 0
5 182.8700639235886 18.96353539419853 565.3287156775875
5 939.2357 386.1854 0
6 29.311740424638025 9.289243970435189 541.6818838252842
6 693.5749 371.24893 0
7 58.726376505934546 5.309144687078664 544.2710394365433
7 742.62866 364.5126 0
8 88.4285986976338 1.3447129077451374 548.5674214003808
8 791.2386 357.8592 0
9 118.41384445959571 -2.6346416108359882 552.9541740566024
9 839.52795 351.2853 0
10 148.6527079346624 -6.59478826558571 556.5141333142426
10 887.83356 344.8303 0
11 178.8889501312114 -10.56435046772231 558.8651595022769
11 936.15094 338.40485 0
12 26.008326220573526 -19.905797803683704 536.7310152361564
12 688.417 321.83902 0
13 55.248472764465994 -23.833347979048103 538.9920395568696
13 737.70764 315.34232 0
14 84.91133525707134 -27.82537777934688 542.8599497255065
14 786.87524 308.93 0
15 114.94965383338176 -31.936997849173373 547.6448184982017
15 835.6524 302.49823 0
16 144.94561750424438 -36.017681148627524 550.0003994486466
16 884.5716 295.96655 0
17 175.33717848775004 -40.17856712075031 553.2079247093499
17 933.2809 289.46036 0
18 22.453899319540398 -49.08272524852098 531.3938605474838
18 682.76056 271.479 0
19 51.783136887949865 -52.91393415501071 533.4098317832289
19 732.76105 265.25366 0
20 81.45658802644462 -57.06352232226184 537.2444362586181
20 782.50165 258.86215 0
21 111.20780393593918 -61.19796873428794 541.0153573971849
21 831.69037 252.5746 0
22 141.3081330202022 -65.3161438985949 543.9420657983161
22 881.1497 246.23178 0
23 171.6529255041939 -69.54750942845676 546.8674988243956
23 930.48804 239.76802 0
