0 6.034658185045839 130.47549655537415 526.7839711021509
0 654.67163 581.26953 0
1 35.057795861836205 122.96482775116372 528.3703530084567
1 704.7363 567.64215 0
2 64.22085500160739 115.88159913255069 531.0231549003365
2 754.52014 554.4311 0
3 93.40680437580647 108.69804536096366 533.1049819240978
3 804.0191 541.37885 0
4 123.09041803703549 101.74716434593773 536.3010783662689
4 853.5452 528.46436 0
5 152.84054919987335 94.80183454013424 539.3603436083014
5 902.66254 515.75287 0
6 -1.2295692733174952 100.9694951177565 525.5167842918612
6 642.09015 530.6631 0
7 27.75236076317862 93.46378392587387 526.1342493778953
7 692.3302 517.4613 0
8 56.72991940261522 86.3389121945981 528.6027582493276
8 742.10095 504.42624 0
9 85.95706449349258 79.22220847775179 531.5360474787466
9 791.70856 491.40753 0
10 115.520397664641 72.18545171368739 534.9910629783639
10 841.1531 478.548 0
11 145.22988563951867 65.11505925801977 538.0859542066199
11 890.37524 465.87033 0
12 -8.37543779505855 71.72210976532807 523.4076886920692
12 629.6303 480.46188 0
13 20.526151205781623 64.28628371448099 524.512306906391
13 679.91425 467.2838 0
14 49.47534466928021 57.05627180963183 526.4469490765407
14 729.9341 454.36194 0
15 78.39968059719625 49.82197319207566 528.8449957748237
15 779.42615 441.45203 0
16 107.76237634895098 42.67902741459795 532.1753679750424
16 828.89984 428.6871 0
17 137.58295993421967 35.63389613290727 536.2366053782744
17 878.2186 416.16473 0
18 -15.629662737264553 42.58639976216327 522.5124276520661
18 616.9436 429.87674 0
19 13.355753799906092 35.32527835192556 523.0588268681078
19 667.5111 417.1524 0
20 42.17663030285825 27.927248417069038 524.5951907368282
20 717.54785 404.12473 0
21 71.11402559165565 20.802756488241588 527.6099831791496
21 767.1489 391.54584 0
22 100.32639260458572 13.539926028611667 530.7906183800154
22 816.6051 378.8651 0
23 130.0622426258092 6.303189834033151 534.5522379534624
23 866.12476 366.3683 0
