0 -41.0909899994374 0.03160536039664519 485.7760038085343
0 567.0789 355.68527 0
1 -12.30166275685266 -8.362710714309337 485.91467638794444
1 621.1352 339.94717 0
2 16.290993139531743 -16.681223131758852 486.2014418095647
2 674.7823 324.36966 0
3 44.72924304347225 -24.970180734848476 487.41570191118853
3 727.9171 308.95483 0
4 73.40412751358517 -33.39868921926891 490.0342341466168
4 780.8369 293.53488 0
5 102.45553426831907 -41.98625706918823 493.29045154643313
5 833.646 278.08508 0
6 -49.19052604917512 -28.57412807621641 481.5646954999031
6 551.06506 301.5699 0
7 -20.447069788927966 -36.95733077499354 482.6610449268081
7 605.5885 285.86948 0
8 8.18269245792822 -45.193823094364724 482.81020530777846
8 659.6807 270.34955 0
9 36.729618706129514 -53.478598524881335 483.91396891625106
9 713.4463 254.94713 0
10 65.29614286788619 -61.925867761941625 486.2326765417857
10 766.6972 239.60023 0
11 94.22009815753259 -70.48324806583369 488.4421317670257
11 820.14923 224.16429 0
12 -57.330012274189336 -57.14110480070344 477.4313154925698
12 534.7102 246.59143 0
13 -28.617081274725468 -65.4333463502239 478.7677436643275
13 589.71124 231.117 0
14 0.094288366303456 -73.75326813870625 479.7049116407704
14 644.40326 215.55972 0
15 28.625057610358233 -82.09117602770547 480.8015072683145
15 698.5213 200.08061 0
16 57.29687472505236 -90.53441245770438 482.5937993573754
16 752.50366 184.71956 0
17 86.15083904893034 -99.13464299034169 484.5577967181189
17 806.372 169.24298 0
18 -65.55609815689685 -85.79742945380403 473.2360240452472
18 517.8863 190.45912 0
19 -36.707502807330805 -94.08667426661484 474.83418995171047
19 573.7205 175.11128 0
20 -8.084862391258268 -102.30345982482787 475.7584263942587
20 628.7257 159.72786 0
21 20.56463462345691 -110.65282625218194 476.8521943751811
21 683.555 144.22589 0
22 49.252807037246654 -119.17701071820113 478.42119284210753
22 738.1138 128.6873 0
23 78.14663108692632 -127.89128386005166 480.7496517012405
23 792.47205 113.27297 0
