0 -35.277428955846425 56.52991941097978 538.2952281520592
0 584.45526 451.29788 0
1 -6.519834000310684 47.48826560133523 536.1570700833907
1 633.1337 436.3162 0
2 22.046471405699652 38.80057830341185 535.6854709856082
2 681.7582 421.61246 0
3 50.532986121775934 29.947935372293408 534.5384307884232
3 730.44116 406.66644 0
4 79.2303992027976 21.290136399875536 535.0476265967851
4 779.2748 391.87637 0
5 108.45481004286843 12.637260674752389 537.2178767528618
5 828.3419 377.05634 0
6 -43.84319002471291 28.38014956933651 545.8200785177505
6 570.9668 402.99472 0
7 -14.985030718661848 19.539973286339062 543.6710216689519
7 619.0867 388.36868 0
8 13.619616113678328 10.697054576405119 541.2675621999736
8 667.1723 373.6304 0
9 42.085279933257844 1.9990474016131516 540.1898003619532
9 715.27686 358.99734 0
10 70.61870740057739 -6.712131733901206 540.2407647984639
10 763.4388 344.30722 0
11 99.54911058761317 -15.505402337058788 541.6833340887749
11 811.83 329.5486 0
12 -52.41899238020093 0.2459763893557692 552.5063530856715
12 557.6975 356.0316 0
13 -23.509227841109844 -8.568335365362556 550.1969949366695
13 605.2551 341.43854 0
14 5.117239741606429 -17.292599995321194 548.4311832062689
14 652.73364 326.9007 0
15 33.624761555139294 -26.01793769077497 546.3201223238648
15 700.3559 312.23975 0
16 62.163748118593524 -34.718498540432435 546.6785792248234
16 747.92975 297.76907 0
17 90.96560107788385 -43.57691656465749 547.5334387365446
17 795.742 283.12027 0
18 -60.91793329960424 -28.004778924308752 558.3033363938251
18 544.71265 309.92892 0
19 -32.036172706858686 -36.674945346126975 556.6471655511561
19 591.7362 295.60324 0
20 -3.3776093699393455 -45.30607237729202 554.9183047884072
20 638.6729 281.2464 0
21 25.149675449935508 -53.97191300458383 552.9653749224861
21 685.70337 266.70663 0
22 53.660321896926646 -62.62600343055541 552.3062730572317
22 732.8316 252.32579 0
23 82.3089099442701 -71.48393280712688 552.3595832454067
23 780.125 237.72621 0
