0 -44.50471266241636 9.519954953712148 457.1237364775185
0 555.4328 374.59863 0
1 -15.817818413247108 0.40641498165720796 454.47754004389617
1 612.4822 356.44067 0
2 12.675265622720483 -8.66446544347135 452.1321575209433
2 669.79156 338.16766 0
3 41.048824781068085 -17.76436509458119 450.6190096144899
3 727.30255 319.71176 0
4 69.51501612585051 -26.777094851693484 450.1349132752244
4 785.06647 301.4325 0
5 98.39685610136978 -36.06024794134315 450.40431376436015
5 843.4639 282.6882 0
6 -53.466894525266596 -18.87930334643058 461.9653437127568
6 538.67035 318.39514 0
7 -24.672962966603325 -27.928836327027334 459.4923906982002
7 595.2528 300.25262 0
8 3.8380084954584666 -36.92254683490157 456.9217506612405
8 651.8846 282.0093 0
9 32.17344726622542 -45.879198812209204 455.0226270576955
9 708.70953 263.76962 0
10 60.74190387092134 -55.04121147364038 454.7262974224935
10 766.0489 245.35422 0
11 89.43967685259156 -64.34623208660219 454.319252728788
11 823.7663 226.59666 0
12 -62.2499570404149 -47.19738109535148 465.6633665540786
12 522.3069 263.28973 0
13 -33.580545601464216 -56.280358304752184 464.2097251077905
13 578.25024 245.17514 0
14 -4.976415432853509 -65.21037030926489 461.883684824062
14 634.3979 227.0054 0
15 23.4343112875562 -74.2300770861985 460.4495379880369
15 690.64 208.75896 0
16 51.93747692807833 -83.31962598006632 459.1175609800625
16 747.3943 190.29668 0
17 80.5531334794025 -92.63020212708618 458.17676364788156
17 804.5659 171.44449 0
18 -71.05748146589126 -75.48853988591964 468.5848424182584
18 505.92493 208.86209 0
19 -42.45945521253298 -84.59485080813444 467.96985674842995
19 561.4766 190.94157 0
20 -13.910695768665024 -93.62048462358221 466.6223737039932
20 617.03577 172.84468 0
21 14.602389525563474 -102.70880301464543 465.3729911407078
21 672.84076 154.56262 0
22 43.17193504517455 -111.82952804570003 463.76165237702975
22 729.12335 135.9472 0
23 71.78937252381759 -121.11818339441395 462.6691129421769
23 785.7341 117.138664 0
