0 1.6334715996111278 95.5905613904612 572.9809415458429
0 646.824 507.6112 0
1 31.31146196707856 92.37098646212213 568.688194670231
1 694.43823 503.60083 0
2 61.02041499854742 89.59912892961239 566.3314716816142
2 742.48975 499.75772 0
3 90.77639075805672 86.83045233915715 563.6198444513867
3 791.1113 495.97595 0
4 120.96307237481219 84.18922586641533 561.3935882503902
4 840.7333 492.2464 0
5 151.54561988814373 81.56733182473329 559.1612931159957
5 891.3987 488.52008 0
6 -0.9258279751911556 65.86475104715556 576.5846690602766
6 642.7596 459.69382 0
7 28.557928450187198 62.65504448890681 571.5267767806475
7 689.7949 455.4985 0
8 58.2151352090567 59.812671236384794 569.0617701594392
8 737.5224 451.38074 0
9 87.88309379993028 56.85611836497723 566.101294641573
9 785.8063 447.12357 0
10 117.97001216276753 54.10760112895774 564.1959953391266
10 834.919 442.99448 0
11 148.52076658958106 51.27653149347862 562.2635016854979
11 885.12854 438.70767 0
12 -3.491030563766443 36.195409333516544 579.6648374906785
12 638.73145 412.5117 0
13 26.005263939943823 33.077955575674316 575.5100468241053
13 685.4343 407.98752 0
14 55.53891389162283 30.092840299586598 571.8321906348015
14 732.8021 403.56854 0
15 85.23892187630878 27.14962892278159 569.5541729490112
15 780.7139 399.05255 0
16 115.47533007764322 24.32561031836197 568.7217814706942
16 829.401 394.5924 0
17 145.91941612405 21.29040379396189 566.4913754710764
17 879.14264 389.8647 0
18 -6.0566083563171365 6.48739804408651 582.932501314251
18 634.74835 365.76462 0
19 23.490803675049335 3.5536832542983476 578.66624643843
19 681.24664 361.2207 0
20 52.956898034626256 0.5396156784829316 575.0396057657537
20 728.213 356.4809 0
21 82.50988588307976 -2.4894906158224717 572.8053925434451
21 775.5941 351.6666 0
22 112.5846403807675 -5.555703624931237 571.0778205466112
22 824.0206 346.7632 0
23 142.9644864900532 -8.586373782088106 569.7672293815888
23 873.06213 341.897 0
