0 133.1736749350207 108.53929670165381 568.6651081412176
0 857.80347 529.5089 0
1 161.41299499509813 115.85586129648948 559.1540369688479
1 907.49603 544.3873 0
2 189.6289704839387 122.99391084355676 549.7003404091387
2 958.8368 559.4635 0
3 217.61417597741055 129.98511132621076 540.3222504418303
3 1011.5334 574.789 0
4 245.06851607773115 136.72767839324277 530.6334699889325
4 1065.4261 590.36664 0
5 272.828811169371 143.67711918766182 522.3218408805687
5 1120.5999 606.223 0
6 141.2037280396574 79.4644172801286 571.6870436555367
6 869.48474 482.25723 0
7 169.91716790038137 86.89490671760419 563.3910354842769
7 919.2825 496.13718 0
8 198.12927204419574 94.0330228849151 553.7060194029817
8 970.5616 510.3393 0
9 225.98016481094405 100.98163989952674 543.6897948993656
9 1023.29175 524.83276 0
10 253.38362810505689 107.82871286697066 534.0714039014485
10 1076.9141 539.5598 0
11 280.7728353214248 114.63535590746619 524.7980018283082
11 1132.1575 554.6259 0
12 149.58575218733753 50.50852785508921 575.4768560162393
12 881.285 435.58426 0
13 177.97813070818017 57.7063306748844 566.3399302982525
13 930.83124 448.45267 0
14 206.4899270174387 64.98481460182454 557.4153863768167
14 982.0691 461.83453 0
15 234.21040590555737 72.0370786728404 547.0673785798009
15 1034.6719 475.58746 0
16 261.6430178140372 78.88130635844448 537.148302288906
16 1088.4589 489.41068 0
17 288.82807499357057 85.72139386146992 527.7014272449892
17 1143.3944 503.61432 0
18 157.63692432481037 21.534678130501238 578.5478498030252
18 892.71826 389.53583 0
19 186.4952087848177 28.739850213363404 570.3476736823628
19 942.4364 401.5322 0
20 214.52360897367296 35.877285519384344 560.1049876490915
20 993.52783 413.9808 0
21 242.1136582878811 42.90467642137971 549.4110260322685
21 1046.1255 426.76926 0
22 269.4730480667068 49.8441717084609 539.5776850473052
22 1099.6932 439.78235 0
23 297.7410787226975 56.949912705014206 532.1243461169232
23 1154.5214 453.1264 0
