0 80.60610498334918 78.37904286811977 543.9617159306026
0 779.36816 486.89377 0
1 109.24953589522657 81.46439936040818 534.9228265525076
1 830.4868 494.3665 0
2 137.96757274596166 84.27035421954106 525.0517500310438
2 883.87134 501.84344 0
3 166.67997611059866 87.19184798824544 514.8846971845552
3 939.46124 509.89987 0
4 194.9989767264861 89.7372505811969 503.42667973815793
4 997.48346 518.0174 0
5 222.6902060305578 92.09383588393737 491.5801832523434
5 1057.3708 526.29816 0
6 83.35197021988833 48.40892098236119 543.4275262065634
6 784.10925 436.78006 0
7 112.05270733187237 51.19980411762186 535.5878720042857
7 835.0288 442.71515 0
8 141.04721799989667 54.17391587249248 526.5571372409014
8 888.5202 449.3544 0
9 169.6812051300407 56.91442067346474 515.7124444963101
9 944.29486 456.16653 0
10 198.1854485363458 59.62668470811554 504.6492980046619
10 1002.3862 463.26694 0
11 226.10831254465035 62.089790948108025 493.32298260201753
11 1062.2303 470.2869 0
12 86.37680660949663 18.531723357129756 544.1086534749513
12 789.0042 386.6542 0
13 114.95922071445905 21.277140578231663 536.3818485341857
13 839.6883 391.76413 0
14 143.99428130139 23.984646752109796 527.402273800779
14 893.2249 397.05627 0
15 172.6275736892234 26.706323881614317 516.6077664275344
15 948.97626 402.72153 0
16 201.07475090935017 29.395901366633666 505.4901161628128
16 1007.00336 408.6046 0
17 229.0095398363976 31.972755221472227 493.9103886203902
17 1067.0903 414.5997 0
18 89.26891127255467 -11.216253487532683 544.9210773295259
18 793.6287 336.8743 0
19 117.97087319276677 -8.726695718048147 536.8863881863975
19 844.6205 340.81808 0
20 146.6854845663746 -6.068533677157357 527.4383034484233
20 897.8613 345.14413 0
21 175.46040842032627 -3.5293782819788384 517.0806892286749
21 953.694 349.40778 0
22 204.1172385239061 -0.7971332060903729 506.20735104474363
22 1011.9708 354.1914 0
23 231.8068785503038 1.7478362400135254 494.34518416543045
23 1071.8792 358.84705 0
