0 102.6005952212386 43.51326079546485 525.267750708282
0 822.3662 431.0948 0
1 130.2252899897221 31.52844783372492 522.1389473233645
1 871.685 410.63617 0
2 158.13319630453393 19.426596702375885 518.5425929315995
2 922.3466 389.7562 0
3 185.60751678752726 7.305504276187762 513.4547702452433
3 973.90283 368.58807 0
4 213.1275214303914 -4.87714285423226 508.7500711162016
4 1026.285 346.89252 0
5 239.4229617402733 -17.019682497151607 502.18901100287025
5 1079.0308 324.75073 0
6 91.0034117899846 16.166973935559938 529.7755495965534
6 800.8859 383.4272 0
7 118.58067435320545 4.106126785927935 526.9537368610125
7 849.4532 362.72482 0
8 146.431556617216 -8.028914393002855 523.8537909118687
8 899.1548 341.66318 0
9 174.15223732753824 -20.186485443161448 519.6241317730645
9 949.8832 320.2346 0
10 201.3876077447215 -32.32925908244308 513.9036722811949
10 1001.6192 298.31467 0
11 227.9957026473587 -44.34752982928633 507.77701825267155
11 1053.7216 276.06085 0
12 79.58607065698881 -10.962040579867054 534.5069781422077
12 780.01825 336.94223 0
13 107.01130460534641 -23.095197776873555 531.8587932439026
13 827.72186 316.0664 0
14 134.57357228427298 -35.312321149626136 528.1978075930638
14 876.58374 294.72055 0
15 162.25702990262042 -47.522302139397716 524.1833517868166
15 926.5286 273.03348 0
16 189.8732178547228 -59.760029282048265 519.5842929084897
16 977.50104 250.8453 0
17 217.013443780484 -71.80602141033079 514.2866727001709
17 1029.063 228.42747 0
18 68.39713585953965 -38.07519389869052 540.1652205891584
18 759.7046 291.4102 0
19 95.67826822053935 -50.24535491396926 537.1422298532661
19 806.67474 270.40765 0
20 123.13342449465243 -62.482631801547946 533.5446810881405
20 854.70013 248.93814 0
21 150.798586127846 -74.79532185857117 529.5654322805178
21 903.926 226.95482 0
22 178.2979506041253 -87.05001730484834 524.7096076523683
22 954.12646 204.48708 0
23 205.4015502161914 -99.1147953442378 519.6231576275401
23 1004.73035 181.85533 0
