0 73.69229970709857 29.37835233119122 525.1201873949932
0 772.2096 406.59372 0
1 103.35549416207732 30.42842154837664 520.6244584056976
1 825.2774 408.8713 0
2 133.42207282306958 31.463399063405017 515.6977848824307
2 880.1795 411.20834 0
3 163.7287865425194 32.55401016555124 510.48800507222654
3 936.7316 413.7219 0
4 193.48079900980161 33.53806730095578 503.34005442466076
4 994.79346 416.328 0
5 222.65329386794784 34.336710964888056 495.35366458046377
5 1054.1556 418.77548 0
6 75.5434821362695 -0.17005685107945676 529.5394641449557
6 774.3297 355.33344 0
7 105.08965764728435 0.6641298119953969 525.1819202459183
7 826.7177 356.77805 0
8 135.32991897181427 1.6716660947998012 520.6668988398384
8 881.2694 358.55093 0
9 165.41593569683528 2.6385742141261086 514.8313619616871
9 937.2526 360.29507 0
10 195.0676769256255 3.6064191421816036 507.3943757206974
10 994.84454 362.10126 0
11 224.497801198653 4.464649828231365 500.28349790481514
11 1053.4786 363.75613 0
12 77.30877429834753 -29.79074869510905 534.3033829112883
12 776.18286 304.83112 0
13 107.06236137752721 -28.943765043396674 529.615469557214
13 828.58704 305.83844 0
14 137.02542952576667 -28.133163660683028 524.6171845354736
14 882.432 306.77173 0
15 167.05454969881004 -27.284438141965662 518.8772148654334
15 937.8479 307.72144 0
16 196.63308305528525 -26.340473507262764 511.3500204483401
16 994.9242 308.69803 0
17 226.08655639529212 -25.356859391260336 504.26737844061216
17 1053.1188 309.81592 0
18 79.35451651531568 -59.31330301745917 539.2632123526071
18 778.42896 255.42368 0
19 108.8985856750031 -58.61036450354766 534.0004521465219
19 830.20917 255.63538 0
20 138.73499476180925 -57.77400941966389 528.575368602274
20 883.5979 256.0506 0
21 168.97306916878105 -57.1382931042762 523.4095038713826
21 938.64825 256.17432 0
22 198.4225242144894 -56.13017879387546 515.6034771352972
22 995.1963 256.4499 0
23 227.6406780542992 -55.196402033617524 508.3969769598776
23 1052.5853 256.71735 0
