0 30.312282082893805 111.11749852023082 518.8370573015751
0 697.5066 550.7353 0
1 58.93711051127041 112.38375534498024 510.0201401002851
1 749.61395 556.37006 0
2 87.64278551640118 113.62870099461207 500.50442915826807
2 803.9244 562.4527 0
3 116.66064753477416 115.0275764388461 491.64324440869547
3 860.63135 568.7726 0
4 145.56721981845223 116.25635413018905 482.120654858066
4 919.587 575.30444 0
5 174.32101097407713 117.38495795313206 472.18335917486576
5 980.91907 582.10516 0
6 30.622850202185106 80.74941891962014 515.0893470922697
6 698.44415 498.44412 0
7 58.9593206186199 81.82794354282426 505.88013768233964
7 750.5165 502.9863 0
8 87.83951546334751 83.21619441575267 498.305964151954
8 804.989 507.7642 0
9 116.81778091500858 84.68475542865242 489.9609586819565
9 861.6669 513.086 0
10 145.90639619660269 86.00517512774772 480.53010735243583
10 921.14215 518.6796 0
11 174.67346209650643 87.02376875957758 470.4216382835429
11 982.8633 524.15594 0
12 30.88859178577062 50.897169907982786 512.861128144477
12 699.1523 446.0368 0
13 59.21620705909989 51.91658332460373 503.7952676666819
13 751.4214 449.50717 0
14 87.82895026610258 53.06733426315372 495.3379113458379
14 805.93286 453.22653 0
15 116.96407585599265 54.454059669823046 487.8590402477989
15 862.8772 457.3123 0
16 146.33305106665242 55.69278703573929 479.2714460482906
16 922.6813 461.48892 0
17 175.15849122219427 56.85570421297241 468.88564339418105
17 984.916 466.09326 0
18 31.057989759184494 21.040674826375234 509.6817817447503
18 699.79803 393.2346 0
19 59.51405358936551 21.99201935276608 501.3322746885757
19 752.48987 395.58972 0
20 88.07029449011917 23.159844306211653 493.07907689083726
20 807.12006 398.41632 0
21 117.1190272237298 24.239722336121126 485.3335647834429
21 864.30615 401.12625 0
22 146.59364190928144 25.471813759202014 477.1425879945056
22 924.42175 404.2598 0
23 175.5526349181444 26.469489318704102 467.29363848087746
23 986.84595 407.22986 0
