0 41.6115887764998 -33.831612982823195 453.23695196001034
0 727.9551 287.62366 0
1 68.79281567902535 -21.62159260059333 452.45653392000753
1 782.88806 312.09113 0
2 96.34295944293693 -9.346579551014344 451.98337022304474
2 838.62354 336.78705 0
3 124.40511221315155 3.011650266980669 452.0734367797537
3 895.19696 361.69507 0
4 152.29523207895065 15.555547207554604 450.36061502660283
4 952.63055 387.0927 0
5 179.89517335420857 28.055633112303834 447.8386993646042
5 1010.5735 412.69824 0
6 52.674519846330206 -59.63329817900596 443.5973762504452
6 752.5192 233.15695 0
7 80.06086705910104 -47.46078316178985 442.6921224771587
7 809.1603 257.95636 0
8 107.67867068432501 -35.27959447823445 442.05141439939354
8 866.37823 282.91882 0
9 135.69677539316152 -23.012215217619097 441.41763862338985
9 924.58496 308.1324 0
10 163.51823833592258 -10.581573027356214 439.526012984317
10 983.52045 333.6933 0
11 190.96177816813017 1.972323505883367 437.0892270494642
11 1042.6742 359.73688 0
12 63.92924362546126 -85.65503957559326 433.69097649499616
12 778.6604 175.69789 0
13 91.26793516274667 -73.47642726105829 432.41678113854033
13 836.7163 200.82564 0
14 119.01530906050957 -61.28150466009538 431.5041447362944
14 895.7689 226.24487 0
15 146.75992536891684 -49.033442894398696 429.9646164958949
15 955.5192 251.73303 0
16 174.26768057731576 -36.541670827565945 427.62784340900185
16 1015.88635 277.77774 0
17 201.51159087172397 -24.048801882049844 425.45126243253793
17 1076.1884 304.1304 0
18 75.0984496304775 -111.7005053205385 422.96265934034335
18 806.15375 115.03488 0
19 102.5688611074992 -99.4688597768693 421.4585152863179
19 866.17566 140.61594 0
20 130.117705266511 -87.28339475208483 420.11935818184065
20 926.6869 166.35442 0
21 157.6569095904417 -74.89812967120552 418.2937897468984
21 987.9634 192.50269 0
22 184.9562191132731 -62.44564374873469 416.2334131479681
22 1049.4802 218.95018 0
23 212.2519283978342 -49.96450408907479 414.6162672154441
23 1111.1016 245.84132 0
