0 -89.66840531052469 22.30727092622888 515.9779220693115
0 485.73248 395.012 0
1 -60.778072651584864 29.527710113599532 519.9515695670018
1 537.618 407.36206 0
2 -31.81426294550046 36.64450661328958 523.0284360358168
2 588.7494 419.45383 0
3 -2.953012547924122 43.83958065900299 526.1848552514921
3 639.1057 431.52823 0
4 25.67147349839494 50.92460232220884 529.2064046445136
4 688.46484 443.29156 0
5 54.23465814734994 58.20705322875535 533.4663610035219
5 736.94275 455.02798 0
6 -82.3589495515198 -6.912615532844896 516.009732399208
6 498.66113 343.42175 0
7 -53.36690386405749 0.2703000747805999 519.5706837478152
7 550.5487 356.09995 0
8 -24.44302882632137 7.532691518987872 522.7211731137357
8 601.5776 368.75424 0
9 4.312458728780023 14.728462310319596 525.3047873419846
9 651.71106 381.16904 0
10 32.896184055348705 21.928091897480375 528.7634699724156
10 700.963 393.40634 0
11 61.58000769809642 29.18775225812227 533.4196788529777
11 749.50946 405.4752 0
12 -74.93321464585838 -36.154341187781455 515.8585166827572
12 511.7467 291.77667 0
13 -45.991723250259774 -28.79258762313163 519.2650794633566
13 563.4469 305.11127 0
14 -17.150623961034793 -21.521400755245082 522.432518513742
14 614.2843 318.09702 0
15 11.546078462321537 -14.243249136088183 525.3311371062091
15 664.2687 330.9257 0
16 40.11898458676106 -7.019028132527739 527.986588516028
16 713.52264 343.51498 0
17 68.78910258364137 0.17671803426218496 533.0200399351623
17 761.9233 355.92804 0
18 -67.46933914789155 -65.10384652660899 514.3132236941477
18 524.584 240.30579 0
19 -38.62683158308947 -57.859188389510905 518.5647190895671
19 576.2905 253.9787 0
20 -9.815611804537857 -50.46054837905615 521.4542402816348
20 627.0568 267.4679 0
21 18.787072109946124 -43.23990672715658 525.0716270945035
21 676.8556 280.6033 0
22 47.32302359954013 -35.91575484935686 528.5462875948558
22 725.8798 293.7206 0
23 76.09289078498732 -28.80549242660599 533.5761513283842
23 774.2845 306.4441 0
