0 -159.8661463570007 16.938259228565308 495.69080148865737
0 350.09128 386.75638 0
1 -130.4720843016894 18.72259507427212 502.87071787196794
1 407.5999 389.54446 0
2 -100.88052991657045 20.571681497410264 509.3249801108675
2 463.5856 392.42206 0
3 -71.3224761970022 22.355585100171798 515.173431708719
3 517.9626 395.15894 0
4 -41.79020967879801 24.057128519381365 519.7499186076786
4 570.89465 397.7933 0
5 -12.324183861768901 25.877100664665747 524.1619516425567
5 622.78076 400.60156 0
6 -157.76210938029848 -13.060875889762276 494.6042808887789
6 353.3248 331.56903 0
7 -128.27944294688987 -11.216556418528768 501.7781353963204
7 411.06992 335.26147 0
8 -98.79938317465773 -9.439911059084087 508.2454465852862
8 466.93637 338.7052 0
9 -69.22791807392048 -7.612190202143176 513.9868497369496
9 521.38763 342.13376 0
10 -39.6657775696661 -5.8432754191913725 518.9101976449966
10 574.50977 345.36734 0
11 -10.160692816096995 -3.9702849337608246 522.9960211474348
11 626.5057 348.71008 0
12 -155.49910228071013 -42.92933653911563 492.75081210387896
12 356.41907 276.25656 0
13 -125.93540020084279 -41.17653787626096 499.5355270133891
13 414.30273 280.5312 0
14 -96.46248848763531 -39.41538985486489 506.35851353336784
14 470.4847 284.71164 0
15 -67.01594313235195 -37.57846108235277 511.9207269862344
15 524.8326 288.75116 0
16 -37.493109440916214 -35.719899087147574 517.0605154260654
16 578.0926 292.69055 0
17 -8.049347273076755 -33.79110647433005 521.3809367649006
17 630.144 296.58228 0
18 -153.54458875801618 -72.98486376730916 491.5486108675644
18 359.34152 220.3587 0
19 -123.790016683245 -71.11280533543508 497.4148738396449
19 417.25604 225.38266 0
20 -94.41630879556486 -69.24769453614978 504.15393449307163
20 473.42648 230.49393 0
21 -64.78216832865346 -67.38415028088482 509.9912405623037
21 528.3755 235.2551 0
22 -35.44354187939194 -65.53083928449756 515.1505508096443
22 581.4759 239.73811 0
23 -6.04930857067449 -63.46602798228261 519.5639191914169
23 633.60547 244.343 0
