0 -101.68074800480551 93.3889258196549 490.9261871651526
0 455.3291 528.92883 0
1 -73.41111733954602 102.8124742636941 495.85173669609384
1 509.20102 544.521 0
2 -45.00048795821223 112.21754006208982 499.9766276681235
2 562.13873 560.09973 0
3 -16.746881809635532 121.47939004680387 503.47882076391585
3 613.88855 575.4362 0
4 11.661651596808445 130.92987367028772 507.2247141108409
4 665.192 590.78674 0
5 39.966924392556635 140.41462161313012 510.74477684288826
5 715.5905 606.084 0
6 -93.52670301129828 65.31466299730818 499.7615228181498
6 473.54877 474.68832 0
7 -65.0878610490205 74.62832221988778 503.61348406526764
7 526.3548 490.6257 0
8 -36.75435378574066 83.97161052336955 507.41149701993135
8 578.16284 506.39035 0
9 -8.450769143015544 93.25755111363812 511.1913369427779
9 629.14716 521.82446 0
10 19.75968151706419 102.4696000340928 513.7312531291569
10 679.30255 537.3388 0
11 48.03693741993267 111.980600507113 518.1322829374078
11 728.77765 552.51825 0
12 -85.31676736184487 37.3552303976592 508.38012890805805
12 491.1704 422.56656 0
13 -56.96938447310975 46.62842658618254 511.68498779510776
13 542.68414 438.64444 0
14 -28.573018232484706 55.921480254115245 515.1254398929995
14 593.6368 454.52505 0
15 -0.3212324118849919 65.21408260119773 518.0728336743126
15 643.6585 470.3032 0
16 27.912331020028276 74.45475803152985 521.384970925253
16 693.0482 485.72095 0
17 56.053868701596386 83.87260470024296 525.3675736496008
17 741.5301 501.06583 0
18 -77.10670562800826 9.286394213339172 515.8430706757596
18 507.90002 372.02646 0
19 -48.65889511613128 18.609783128520714 518.3633317688738
19 558.6138 388.33246 0
20 -20.404595328631107 27.965401796936945 521.8407239562415
20 608.5635 404.44733 0
21 7.827572650590398 37.23396083841185 524.7144381818628
21 657.8291 420.27216 0
22 35.8298282607215 46.51028832126383 528.7226021447713
22 706.0277 435.7657 0
23 64.14757803182862 55.88331567653142 532.7323207950928
23 754.04083 451.19116 0
