0 -19.84788137704814 52.34212248580378 541.8820219023462
0 610.81934 443.62405 0
1 7.227708641575591 64.87041055078416 544.0628153764945
1 656.3397 464.24957 0
2 34.277432054416465 77.32032387582585 546.4239130542257
2 701.4346 484.53714 0
3 61.37268032531563 90.08459790961672 550.4491572792394
3 745.9087 504.71988 0
4 88.75914549140951 102.96054100762147 554.1404058869933
4 790.3041 524.895 0
5 116.38340970845717 116.16253096592408 558.2188748159334
5 834.3687 545.20404 0
6 -9.046527140762384 26.53118315554845 552.6522238078655
6 629.2951 399.3612 0
7 17.939675758636337 38.89710200376806 553.8650051176146
7 673.76385 419.60535 0
8 44.86554995531855 51.44549812777211 556.8285104713808
8 717.7074 439.79504 0
9 71.97424891123978 64.03764362037806 560.2493015234706
9 761.3878 459.7571 0
10 99.227616900776 76.81779620260049 564.2292242049971
10 804.61304 479.6577 0
11 127.21133656317608 90.03135789586501 569.639032283349
11 847.89246 499.6121 0
12 1.7234198901432678 0.6411698831677215 561.6916456037144
12 647.0223 356.66592 0
13 28.578032988147857 13.100182398393803 563.4044939304422
13 690.48444 376.8088 0
14 55.575102450114464 25.646223007464613 567.1691970970842
14 733.58856 396.8203 0
15 82.65367537546753 38.25993743901518 571.2636272417786
15 776.1782 416.64066 0
16 110.15556505909115 51.05044272773533 576.1605021769803
16 818.58954 436.34625 0
17 137.9154752250697 63.988075012644885 580.8443325757645
17 860.7704 455.98718 0
18 12.362584155901608 -25.13621858682806 572.9628923148157
18 663.902 315.65915 0
19 39.31046421795702 -12.570267847678572 575.1774148062335
19 706.555 335.7161 0
20 66.25512335454842 -0.05157123550345743 578.5980202862207
20 748.6576 355.5448 0
21 93.42413589126988 12.519204709370003 582.4738878713063
21 790.50244 375.20663 0
22 120.93864049905312 25.124773454508652 587.5167457920996
22 831.9578 394.58505 0
23 149.0207492025784 37.93460200399697 592.6437491516522
23 873.54865 413.9394 0
