0 -47.11835424646573 83.87914806198903 566.1309543545336
0 568.3189 490.6042 0
1 -19.72695230408707 96.05079811780779 566.9670219284377
1 612.4918 509.96286 0
2 7.627120472247167 108.26251545624312 567.9567997823968
2 656.4714 529.2818 0
3 34.90378607999677 120.6156933088629 569.780706505883
3 700.0919 548.4773 0
4 62.445628041041104 133.3065348048412 572.4599762166149
4 743.7083 567.771 0
5 90.10169235319965 146.05155944137007 574.3030247407019
5 787.3075 587.3076 0
6 -35.62063966917127 56.9864526921115 573.0480726609131
6 587.53375 446.2216 0
7 -8.161664833158495 69.0918922536096 573.299956821028
7 631.2404 465.41824 0
8 19.045010548564655 81.27056940229771 574.6382777469262
8 674.45026 484.4703 0
9 46.280361293454376 93.56346818681902 576.1723809036649
9 717.4798 503.5642 0
10 73.76328693896191 106.16134549315365 579.236412907027
10 760.3641 522.59546 0
11 101.50317542344243 118.88384195248305 581.895996039102
11 803.31 541.7507 0
12 -23.99509130825631 30.150098642599485 579.3794092320492
12 606.4531 403.03406 0
13 3.280744834715269 42.33059812685349 579.8389418883056
13 649.38416 422.13394 0
14 30.48976522420397 54.514126813646456 580.9789439214439
14 692.08606 441.1081 0
15 57.67645779474062 66.8017296216017 583.611639626552
15 734.3546 459.9034 0
16 85.04860538065198 79.23934751553834 585.9080801152312
16 776.608 478.8337 0
17 112.92573444309032 92.00768968265785 589.9747744524057
17 818.789 497.70084 0
18 -12.569413693659504 3.3709349258099475 585.9728569099781
18 624.661 360.86682 0
19 14.725931254823882 15.658539265297279 587.2900742198237
19 667.092 379.91586 0
20 41.808555279788784 27.837378600587442 587.6911202542414
20 709.10443 398.77847 0
21 69.03163911272233 40.06003379741187 590.4391641035993
21 750.85187 417.43655 0
22 96.51851791326943 52.548137142188196 593.8485346668527
22 792.4528 436.23956 0
23 124.43294621050916 65.09919833743848 597.5871106814257
23 834.127 454.86923 0
