0 4.2827463858461075 -18.359591170419453 541.0483519879906
0 651.4431 324.71213 0
1 32.16306274152589 -8.0073950390571 540.029197445111
1 698.54126 342.1177 0
2 60.1498861124086 2.3073713217966083 539.8795819737795
2 745.8338 359.51956 0
3 88.39170937240945 12.685343868345685 540.9265398058046
3 793.25305 376.9904 0
4 117.07016380086061 23.172386356136798 542.5455828851066
4 841.0161 394.53598 0
5 146.02083475115307 33.802753730184214 543.6177319950103
5 889.1974 412.27405 0
6 14.430585145462146 -46.22073359490639 538.0526957958925
6 668.684 277.36624 0
7 42.44668456352515 -35.86860616118043 537.5070834997124
7 716.2447 294.83255 0
8 70.36074828055868 -25.562760439024995 537.3331036082692
8 763.64606 312.28583 0
9 98.7646054127791 -15.335253405194296 538.4170543747391
9 811.51794 329.6783 0
10 127.4282408954801 -4.9317129626644345 539.7218654725147
10 859.54846 347.30157 0
11 156.39963270421177 5.529670154230584 540.194783725847
11 908.2721 364.95157 0
12 24.697317852310704 -74.0400917740744 534.9843749990569
12 686.32635 229.54422 0
13 52.59495169574718 -63.704085782132225 534.1818136782266
13 734.0191 246.98227 0
14 80.80885118465466 -53.55034876338478 535.1117712995188
14 781.9488 264.4576 0
15 109.17847029331611 -43.36976451726852 535.8176085470445
15 830.0548 281.88712 0
16 137.99161200768404 -33.0776571999044 536.8552758779917
16 878.6432 299.49484 0
17 166.8239892632826 -22.68591723771443 536.9332479960566
17 927.5823 317.1347 0
18 34.886555017662324 -102.03624776600736 531.9951947425443
18 704.03046 180.89368 0
19 62.99009708206149 -91.7371753412043 531.8282095586682
19 752.2426 198.48103 0
20 91.24325007348466 -81.70292226772737 532.6751068246713
20 800.4438 215.89214 0
21 119.7151699380522 -71.4543482327662 532.8238523405704
21 849.13403 233.45406 0
22 148.27957397633642 -61.202250486627584 532.783891698732
22 898.0452 250.97514 0
23 177.07410713949204 -50.90302834943101 532.595069437785
23 947.44244 268.5551 0
