0 -185.3333835935258 12.364077182869638 476.53796584065617
0 289.53 379.2629 0
1 -154.90772373452955 12.33071883223837 476.14303291704886
1 347.5132 379.2187 0
2 -124.75821633065713 12.369160623482328 476.42572112488807
2 405.40347 379.2782 0
3 -94.62919930085621 12.403004768913375 476.56592074783606
3 463.13174 379.33594 0
4 -64.80923538237792 12.493704019402102 477.68010250527846
4 520.4876 379.4536 0
5 -34.76840756694989 12.535765380888607 476.334292028177
5 577.6552 379.60138 0
6 -185.4129210152106 -16.459247758511623 467.6789878347224
6 282.65613 323.56415 0
7 -154.6301688111426 -16.353018289019307 466.5206729660719
7 341.9359 323.692 0
8 -124.80920300369247 -16.337709281842425 467.700574640518
8 400.84875 323.80237 0
9 -94.67990139442081 -16.208175924867867 467.57546803013025
9 459.55084 324.04623 0
10 -64.71038853580744 -16.11035771092796 467.9994535849084
10 518.1207 324.26526 0
11 -34.7259074940275 -16.001442347618557 467.3285218007671
11 576.4553 324.43256 0
12 -185.2541613057487 -45.159290307698846 458.1825296944882
12 275.47815 265.83453 0
13 -155.25086796838877 -45.062045155089635 458.7934001806715
13 335.61075 266.1472 0
14 -124.6789670190205 -44.88055502785071 458.17820744592655
14 396.0499 266.3879 0
15 -94.59447188203661 -44.783668526154614 458.0657167936863
15 455.887 266.5587 0
16 -64.67098456769679 -44.713097189374345 458.1851951360089
16 515.49805 266.72223 0
17 -34.78233978137719 -44.57244080426895 457.93506757295404
17 574.9528 266.9535 0
18 -185.68539476287262 -73.98511856904848 450.1064545863614
18 267.98813 205.87987 0
19 -155.16913392171946 -73.7301567600727 449.31369928353877
19 329.26547 206.13261 0
20 -124.8279081597376 -73.48200992046615 448.68615353876635
20 390.49698 206.42737 0
21 -94.80406677696713 -73.44913392299156 449.0310232878223
21 451.67188 206.60866 0
22 -64.86170407068012 -73.39133166441226 449.6106628158091
22 512.65625 206.9179 0
23 -34.80360043804094 -73.19654707343658 448.63502032402
23 573.47363 206.99004 0
