0 -42.306766342357186 -15.834442137784352 484.46812378982224
0 564.582 325.85016 0
1 -13.007072026873265 -9.48259080399243 483.01517624008966
1 619.6647 337.74084 0
2 16.366594885684076 -3.2134354923598623 482.5752938346319
2 675.1548 349.5596 0
3 45.444786208017646 3.0714692210675687 482.003170873565
3 730.2108 361.43127 0
4 74.7449323990472 9.309543242897295 482.93755899328045
4 785.37646 373.1876 0
5 104.57180707587216 15.685853904233472 485.58482341053804
5 840.6266 385.0546 0
6 -36.1395547456968 -44.77941826789395 489.12376532056845
6 576.83923 272.22214 0
7 -6.73024920583102 -38.37386807578629 487.87148623853614
7 631.64276 283.96933 0
8 22.463578280580904 -32.05261611871852 486.94663967856036
8 686.2962 295.65952 0
9 51.5583391398011 -25.786530501346338 487.0210022895512
9 740.77325 307.38995 0
10 80.91775348205 -19.538502631130974 488.2742359763732
10 795.3634 319.17126 0
11 110.84549536197197 -13.385160569169965 490.4056905507544
11 850.36304 330.76065 0
12 -29.846260738331583 -73.586820213605 492.86457649702226
12 588.9959 219.60721 0
13 -0.6234503159789344 -67.24368683810548 492.7939960843478
13 643.0702 231.31413 0
14 28.555156511486945 -60.8328077602866 491.31652201800784
14 697.2295 242.82759 0
15 57.72207172600412 -54.60295297656404 491.92888632106815
15 751.2372 254.50525 0
16 87.24735563549716 -48.47266453917779 493.5824877186894
16 805.43335 266.15884 0
17 116.89882460444042 -42.392232994357464 494.5500877780873
17 859.7986 277.53473 0
18 -23.772507508638363 -102.61911259530211 497.6227832080219
18 600.6555 167.75728 0
19 5.518684358428326 -96.19479044454107 497.4025396578145
19 654.3427 179.44055 0
20 34.65617382442611 -89.73923989812847 496.473941176698
20 707.8862 190.95679 0
21 63.985672030660496 -83.62610848248069 497.4029462039862
21 761.544 202.46083 0
22 93.41719942495573 -77.57314463738038 498.08256383938766
22 815.27405 213.74098 0
23 123.30014186561455 -71.52401083182149 499.38985234592036
23 869.3997 225.1476 0
