0 -154.93458800318552 63.25796857752008 461.25167893243844
0 337.8809 480.56665 0
1 -126.09849713746851 69.46225321816982 468.81452084130456
1 398.9189 490.6075 0
2 -97.53417868954334 75.76715072528779 477.0570927364808
2 457.76465 500.31552 0
3 -69.00669603563621 82.11828308874144 485.62837165230405
3 514.63 509.6762 0
4 -40.23911583853545 88.22827940303671 492.1456652063264
4 569.656 518.9465 0
5 -11.543151302249996 94.1817374896251 497.57329403413524
5 623.06647 528.06525 0
6 -152.02962663394476 35.88239676281064 474.60448360033575
6 352.08194 424.5033 0
7 -123.03672523555298 42.061129020274294 481.8563172384575
7 411.35327 435.14847 0
8 -94.45886565949618 48.30279342504116 490.08134587985023
8 468.44287 445.41653 0
9 -65.9918709047546 54.623535948099764 498.6910252442006
9 523.5381 455.41318 0
10 -37.20277355549942 60.749999741757826 504.6023961793535
10 576.9846 465.305 0
11 -8.476986638901268 66.73280930234299 510.0167611537858
11 629.06555 474.82742 0
12 -148.7232856226422 8.395210840300644 486.5686262352029
12 365.46265 371.3446 0
13 -120.12981076452806 14.577941385463195 494.5571441837774
13 422.69427 382.47983 0
14 -91.48672436855975 20.85635939849425 503.08318278759384
14 478.3738 393.3941 0
15 -62.81068958318518 27.100730323071705 511.10893234383286
15 532.14667 403.9312 0
16 -34.0184840628838 33.26749850209536 515.59950603655
16 584.0512 414.40662 0
17 -5.436369377703758 39.32016002644898 520.96769657112
17 634.7071 424.38522 0
18 -145.67525870863122 -19.07845521927349 499.04147109420444
18 378.0002 320.79764 0
19 -117.01317391760895 -12.852552070072733 506.9635835281592
19 433.72226 332.52988 0
20 -88.48074108974014 -6.653978270706481 515.470504307668
20 487.67776 343.8661 0
21 -59.70072540877612 -0.45807193444133076 521.4528025622252
21 539.80914 354.8257 0
22 -31.007954462377988 5.802654479524541 527.563885927404
22 590.6202 365.64624 0
23 -2.423072183386002 11.990072317913327 532.5784128326301
23 640.07465 376.13596 0
