0 -33.60696441724559 7.359900005395383 528.558592574805
0 586.2366 368.31143 0
1 -4.591324560778298 14.75518827389167 524.9884796211443
1 636.248 381.2308 0
2 24.33091847670117 22.104384791465552 521.5470891164225
2 686.7704 394.23703 0
3 53.1469180304517 29.536026649807308 519.4447591186054
3 737.53577 407.42712 0
4 82.23087183386981 36.98209448229263 519.0929143415374
4 788.69727 420.5302 0
5 111.86088933963133 44.77855454699274 519.5743212075083
5 840.5728 434.14032 0
6 -25.913563004894762 -21.430079474382786 531.1770108336193
6 599.7316 318.87146 0
7 3.0744807402543595 -13.984070931729617 527.7832955109823
7 649.5367 331.48782 0
8 31.901446857860307 -6.572977516175114 525.2031415307821
8 699.6203 344.22452 0
9 60.709905292791056 0.7851177153929457 523.1673398554702
9 750.0559 356.99316 0
10 89.86216311766994 8.280361153117951 523.2000662463022
10 800.8655 370.0441 0
11 119.45882725497931 15.776657992360995 523.0123434298373
11 852.53107 383.1068 0
12 -18.305139714985085 -50.1686601485698 534.3052240880655
12 612.97894 270.08594 0
13 10.630736428469 -42.6711823896641 531.3308328569133
13 662.4712 282.46222 0
14 39.45727816954433 -35.26682966621432 528.7628549291538
14 712.2796 294.864 0
15 68.24592106293791 -27.80321939031995 527.1191165785403
15 762.3011 307.57385 0
16 97.52474887426811 -20.533487953859442 526.8826577074713
16 813.0342 320.12216 0
17 127.16959304098017 -13.086384292185098 526.8192539229095
17 864.3743 332.996 0
18 -10.737850067797245 -78.85320222098798 537.0436540348328
18 625.989 221.86293 0
19 18.20813583669197 -71.3735478908121 534.6666708289436
19 675.2825 234.01282 0
20 46.967390250179484 -63.934052445222434 532.8025611701036
20 724.6188 246.30782 0
21 75.98086049480516 -56.63671598913493 531.4970711811426
21 774.601 258.54736 0
22 105.28573484858867 -49.36088207332038 531.2208832034804
22 824.97974 270.97458 0
23 134.96637588335454 -42.103566449103155 530.609269895097
23 876.2029 283.33728 0
