0 112.69321982925214 8.035341676812536 583.6556062492357
0 820.3157 368.1682 0
1 140.39442491199537 20.43660561095882 582.4241095052403
1 864.06476 387.59256 0
2 168.35491986007065 33.03128989954254 580.5708960254243
2 908.689 407.45786 0
3 196.39385492777734 45.68459684056075 578.6123420539235
3 953.77905 427.55576 0
4 224.06905924042184 58.203407962779885 575.4109381293598
4 999.36554 447.7763 0
5 250.84688569856075 70.55068025687052 571.2471028907354
5 1044.7054 468.13925 0
6 125.1409533708581 -18.190573004463275 591.6990587685663
6 837.10803 327.61865 0
7 153.38076881869148 -5.796744061774327 591.7974935150544
7 880.5957 346.70245 0
8 181.2642153773977 6.6976120371099555 589.6686253069987
8 924.57477 365.97357 0
9 208.971493234403 19.257400989213266 586.3607960521806
9 969.2513 385.54584 0
10 236.67978539273048 31.81619354903353 583.7901653104165
10 1013.9688 405.27585 0
11 263.2182496838923 44.212654376778936 578.8349974172776
11 1058.9478 425.21143 0
12 137.83719092451406 -44.38938513271289 600.1851420132202
12 853.6733 288.24765 0
13 165.9793962009318 -32.187247689818555 599.8464628197912
13 896.5789 306.7416 0
14 193.81461559816566 -19.645844688012446 597.0911894544803
14 940.25934 325.65118 0
15 221.1135908226914 -7.141863151816346 593.4021764315722
15 984.0558 344.6615 0
16 248.07429549055968 5.381622642511793 588.9650184710671
16 1028.3644 363.95035 0
17 275.50882388350703 17.820337697896512 586.5965943176577
17 1072.569 383.30197 0
18 150.26065878559538 -70.6274635938148 607.5241025194748
18 869.793 249.7161 0
19 178.86463213633874 -58.5486392542881 608.2355197021335
19 912.4188 267.93167 0
20 206.22326881593085 -45.974341941832336 604.4291754978283
20 955.3884 286.33185 0
21 233.6465857952184 -33.50137422410619 601.0871680933395
21 998.7268 304.8508 0
22 260.56499601348867 -20.97741337861707 596.9740381936712
22 1042.293 323.61325 0
23 287.80392746196424 -8.46048087748206 594.3315125410282
23 1085.8612 342.6574 0
