0 -77.08912225410954 10.713327824667239 507.8336100023166
0 505.78152 374.84494 0
1 -47.507673294536254 16.6071805205666 507.20334816539724
1 558.8001 385.4551 0
2 -17.93673445376908 22.32994977631897 506.1473785855343
2 611.90454 395.81778 0
3 11.454148784898262 28.033919201268944 504.4978722760009
3 664.93024 406.24936 0
4 40.70958233354439 33.747586492026976 503.97312408651345
4 717.8934 416.6305 0
5 70.1298028109979 39.67880476329962 504.9616702319805
5 770.8847 427.21176 0
6 -71.22864422921403 -18.507104598162694 511.6053380847068
6 517.24927 322.67035 0
7 -41.708306738108504 -12.720766863822321 511.19543097454596
7 569.81366 332.95593 0
8 -12.17085753148237 -6.8088916298069995 510.12811516326695
8 622.46497 343.46628 0
9 17.179429761350217 -1.0238258210526452 507.987504650344
9 675.0668 353.7899 0
10 46.34811622320047 4.770636252542779 508.06036833811476
10 727.4223 364.18036 0
11 75.83593821143155 10.56823450589021 509.2138774440757
11 780.04675 374.53326 0
12 -65.38863508201787 -47.6479214968851 515.1585962950043
12 528.46387 271.36444 0
13 -35.93312071106773 -41.82395562270299 515.0075419361657
13 580.5915 281.64197 0
14 -6.4673341092841214 -35.951320295350804 513.5997736645846
14 632.73987 291.856 0
15 22.79701010036127 -29.992002655251227 511.93254572573034
15 684.8368 302.2533 0
16 52.0974669723787 -24.239514965732557 512.3883953227673
16 736.9529 312.5286 0
17 81.46652509031371 -18.532616678053383 513.1583343306639
17 789.00964 322.7248 0
18 -59.68452709191255 -76.8669629320174 519.1986914488635
18 539.3843 220.75064 0
19 -30.088893487534097 -70.87876229269496 518.5794056625298
19 591.3078 231.10938 0
20 -0.7987855083650511 -64.91313783228469 517.4132763383966
20 642.81604 241.3325 0
21 28.52982946141981 -59.041693369715986 516.5155479706779
21 694.5988 251.48976 0
22 57.788745214042684 -53.28606347713368 516.7500831411097
22 746.21466 261.68405 0
23 87.37688562688692 -47.70238559461868 517.8491680071309
23 798.1071 271.70642 0
