0 -80.82589437116083 61.30270188616962 558.7052770103161
0 512.28735 455.58533 0
1 -61.044248039428446 38.646506252016216 556.867911809139
1 544.24927 418.85037 0
2 -41.16627731677376 15.990954966626775 553.2577116929887
2 576.3643 381.95737 0
3 -21.41424569950338 -6.573575210592903 549.2678957192079
3 608.6677 344.72305 0
4 -1.738688168093164 -29.007561448544404 546.360800677493
4 641.3217 307.258 0
5 17.83284622854535 -51.40329498208273 543.4444557357328
5 674.151 269.45477 0
6 -102.8490193603024 41.41866326926013 563.2891616555573
6 477.70398 422.6131 0
7 -83.06217909259529 18.814772890060603 561.6617664288623
7 509.35065 386.14362 0
8 -63.25216560936375 -3.8060623650850745 558.6890946182014
8 540.97095 349.4197 0
9 -43.482132484434324 -26.381715244597753 556.2023567633798
9 572.9263 312.41476 0
10 -23.697852857009654 -48.778119820754156 552.9279169433842
10 605.1365 275.25803 0
11 -4.05449122448957 -71.14416169963005 549.355201653227
11 637.493 237.64488 0
12 -125.03447830988213 21.64244486265365 568.7601579322351
12 443.7314 390.292 0
13 -105.17206925669443 -1.019807846496869 566.5936684795338
13 474.9359 353.98627 0
14 -85.26732100420487 -23.57409601258378 563.8626092437341
14 506.31042 317.538 0
15 -65.49928678464416 -46.110676108141575 561.231241703042
15 537.78705 280.77698 0
16 -45.66178995701416 -68.51120316122132 557.5227534446202
16 569.5296 243.67564 0
17 -26.035071062547786 -91.02592337380632 555.7660348907234
17 601.50073 206.41544 0
18 -147.15204537225313 1.8239948273684006 573.3705532113519
18 410.16324 358.5241 0
19 -127.25590876349969 -20.797469566594952 571.4865900568691
19 441.14285 322.47238 0
20 -107.32017584880082 -43.30790107050853 568.6366982112276
20 472.0989 286.2421 0
21 -87.43502858574338 -65.86007845587055 565.7836313897931
21 503.2845 249.57901 0
22 -67.70917267132643 -88.2629683359129 562.7600751591242
22 534.4949 212.74261 0
23 -48.030204642708966 -110.73632044475231 560.2120230832865
23 566.0325 175.54655 0
