0 -88.87758699021546 18.319009792574207 475.5650612995513
0 473.78067 390.71884 0
1 -59.439508561344404 23.95843337953684 474.18886752479216
1 529.9042 401.6552 0
2 -29.84606965485467 29.428438851511633 471.0730617499027
2 586.44147 412.5382 0
3 -0.4016843015581738 35.02578173446824 467.743328202691
3 643.4408 423.8452 0
4 28.827351212802238 40.46800836437875 464.52004937694915
4 700.8216 434.99188 0
5 58.14544474405132 46.191054261026224 463.12174901793315
5 758.72736 446.48944 0
6 -82.99512800283152 -11.171986995872054 476.51499624258275
6 485.37894 334.26703 0
7 -53.597819184596986 -5.51566576056431 475.62277042880487
7 541.45026 345.0612 0
8 -24.15197613632087 0.07105828265628301 472.51877933290217
8 597.6084 355.763 0
9 5.27484693249686 5.592611500347162 468.6744368648608
9 654.48846 366.497 0
10 34.442894992645556 11.21354437521681 465.75188115544523
10 711.6679 377.55984 0
11 63.798175491852504 16.836526709807725 464.40492638102825
11 769.5119 388.654 0
12 -77.3876649017684 -40.64096429035585 478.5863073291144
12 496.75214 278.26355 0
13 -47.86395400302896 -35.043261914798535 476.5593365523013
13 552.6253 288.63538 0
14 -18.37132250575681 -29.302164222684176 473.4456118014893
14 608.835 299.24197 0
15 10.92090110196471 -23.603581613318113 469.485949648924
15 665.43854 309.82428 0
16 40.12368809278093 -18.01358647138383 467.1322701584612
16 722.5595 320.4953 0
17 69.39976131656053 -12.402486154715502 466.09798038064156
17 780.01733 331.38458 0
18 -71.51619771384998 -70.03018381142267 479.1108228963451
18 508.09015 222.4654 0
19 -42.08636999519423 -64.44007566419577 477.0544017802632
19 563.7656 232.56665 0
20 -12.74950100311104 -58.637241199072996 474.7386954402348
20 619.7313 243.10194 0
21 16.62509531480135 -52.86790649672719 471.0636006628849
21 676.41113 253.38171 0
22 45.82396346533625 -47.23684740585908 468.70791388463937
22 733.3877 263.8128 0
23 75.21098892191354 -41.724395784708285 467.961383608969
23 790.80206 274.39786 0
