0 22.880059897569236 30.270836630942473 482.6739727831337
0 687.45557 412.7603 0
1 49.95279084734362 41.61989583697677 477.35070627542063
1 739.6617 435.05698 0
2 77.33834115434534 53.0183623151451 472.538680640977
2 793.48804 457.8412 0
3 105.02020734410515 64.73011628285799 468.37165844308
3 848.7177 481.5308 0
4 133.29014430591158 76.61654336257713 464.19026334454935
4 906.1024 505.99316 0
5 160.9983824145165 88.29468020008258 458.1264707403183
5 964.7283 531.20624 0
6 34.711913565047496 3.1010463246960667 485.10440247528123
6 709.4831 361.4497 0
7 61.84843996703026 14.35301074392552 480.1466077501649
7 761.7009 382.859 0
8 89.31452873452983 25.742186160437846 476.1346859847372
8 815.30035 404.88007 0
9 117.2998313938849 37.32673024604513 472.55497166548395
9 870.60645 427.5865 0
10 145.31935597878442 49.03689108710447 467.684410310557
10 927.6034 451.14648 0
11 173.2467873886 60.632711713454476 461.7837452486032
11 986.38007 475.24353 0
12 46.72382868448546 -24.063365719982695 488.9498891520307
12 731.3749 310.79086 0
13 73.91466121886307 -12.812783292237256 484.33553944216106
13 783.40564 331.52563 0
14 101.46796432992234 -1.5455376499944664 480.00227018237854
14 837.0135 352.69266 0
15 129.46082363101212 9.886975599261461 476.3239000667753
15 892.09955 374.53583 0
16 157.59090636915727 21.429798708778687 471.1712474886783
16 949.2593 397.06085 0
17 185.1629942318903 32.97487963472488 464.71915472870074
17 1007.60425 420.26865 0
18 58.60865437649519 -51.28707078714942 492.4835179488119
18 752.7585 260.753 0
19 86.07939015069282 -40.13377193770435 488.62961501922155
19 804.88745 280.7993 0
20 113.71618331419882 -28.87663523362902 484.1817337859897
20 858.4201 301.29288 0
21 141.71012813923127 -17.58324731133004 479.6246470068883
21 913.6857 322.22772 0
22 169.747020075938 -6.199082699294226 474.36249205500866
22 970.5784 343.7206 0
23 196.9969344031853 5.325616122079415 467.3129752213932
23 1028.6824 366.00818 0
