0 64.50728418646827 2.47824882517707 459.6069075467744
0 772.2269 360.5383 0
1 91.93718152935809 13.974659504351344 455.90078775886974
1 828.1396 383.55127 0
2 120.00024692054507 25.69104152576687 452.20839624231223
2 886.2384 407.38306 0
3 147.82449160215094 37.39658085118904 446.8285481162997
3 945.94336 431.87207 0
4 175.42652618966878 49.066971605420484 440.3072007092589
4 1007.58405 457.14795 0
5 202.31972268414017 60.586569101766635 433.36267330152737
5 1070.0032 482.99136 0
6 76.65564669188191 -24.656930842907375 463.478928084634
6 795.0624 307.1602 0
7 104.35507201581166 -13.264004470895975 459.66377061253223
7 851.272 329.3378 0
8 132.24073435995814 -1.8108705526468218 455.49869180301505
8 908.9983 352.00418 0
9 160.1584482687672 9.832891171260863 449.8878537407391
9 968.89484 375.53748 0
10 187.57331177842653 21.480415931005947 443.27902001815715
10 1030.1389 399.77206 0
11 214.42259465455237 33.02993250601793 436.4390597246075
11 1092.2927 424.57224 0
12 89.19192631749556 -52.01823205535191 468.233034350716
12 817.94855 254.4168 0
13 116.71610306528736 -40.71220274672159 463.3373397021091
13 873.9611 275.5774 0
14 144.65727756976452 -29.25734686683023 458.51360161351414
14 931.9544 297.4948 0
15 172.08489797956295 -17.67427794684169 451.85083072152594
15 991.55646 319.9913 0
16 199.35144302557535 -6.031052756017104 445.399624238388
16 1052.4186 343.29013 0
17 226.28137810373607 5.540987289545853 439.20106337622946
17 1114.0999 367.11945 0
18 101.59638342483561 -79.52841980294512 471.8391062228481
18 840.5971 202.0742 0
19 129.18198005975702 -68.18081476468438 466.4869271821391
19 896.78143 222.47354 0
20 156.76112566152074 -56.69923456358852 460.68582953034655
20 954.5593 243.50194 0
21 184.29737755974884 -45.13023976911963 454.67185941810806
21 1013.8979 265.19943 0
22 211.4423018294437 -33.53553810163648 448.44917407216246
22 1074.2318 287.4991 0
23 238.24376705896643 -21.878908400511143 442.1813984420424
23 1135.6055 310.54935 0
