0 -102.90467332196202 55.70023772033996 577.6239190531885
0 481.7486 443.4753 0
1 -73.69068766403755 49.514499637243524 582.0666226056229
1 528.7624 433.12323 0
2 -44.165577732260786 43.25074315066856 583.6615257251619
2 575.21265 423.13458 0
3 -14.951427477091388 36.86783039535713 585.5725218351253
3 620.93774 412.98392 0
4 14.240645428038873 30.727324957316284 587.7490970762818
4 666.3211 403.25366 0
5 43.14257752680125 24.520978602969954 590.7669459917839
5 710.82605 393.4396 0
6 -109.62075811107296 27.2435253602891 584.9868727300745
6 473.3231 398.05313 0
7 -80.50986705550363 21.094343475571797 589.6637477338851
7 519.70306 388.21628 0
8 -51.09680661556274 14.857141251844988 592.1069324081062
8 565.521 378.48523 0
9 -21.75084370662167 8.6811567150462 593.1123228369693
9 610.77856 368.9602 0
10 7.365281815605859 2.51158649052528 595.522293644698
10 655.5035 359.46817 0
11 36.38011221958312 -3.6075854629267474 598.2729741049859
11 699.68176 350.13257 0
12 -116.64594380803292 -1.1751759510678428 593.368589714161
12 464.93948 353.82172 0
13 -87.53116276557785 -7.328472815610654 598.34043173129
13 510.80673 344.46786 0
14 -57.86859595774614 -13.509838044887836 600.2530133283146
14 556.30023 335.12183 0
15 -28.622848452288864 -19.667693074157402 600.9618946372963
15 600.7866 325.81113 0
16 0.5590683448998847 -25.665572181007455 602.7693266955825
16 645.0699 316.83542 0
17 29.609585788874156 -31.80031264775247 605.9731087972636
17 688.78723 307.81757 0
18 -123.74573142266281 -29.61315932891473 601.5968147421003
18 456.6285 310.78186 0
19 -94.16632152865525 -35.76252633376862 604.9925422464551
19 502.27142 301.77365 0
20 -64.82912186566473 -41.95710380472449 608.0534166214728
20 546.9882 292.7637 0
21 -35.56202079898518 -47.98237652026121 610.5540223029988
21 591.10376 284.03076 0
22 -6.2525637772683345 -53.978446659338914 611.898440284659
22 634.90485 275.2609 0
23 22.868118066494755 -59.906306798960976 612.7905615328269
23 678.25824 266.56512 0
