0 -104.08016788310738 62.5359086082186 495.3261302290203
0 452.58917 470.6437 0
1 -74.75929309124535 55.975132664484065 498.3302385583647
1 507.40524 457.95633 0
2 -45.35218136569307 49.42349514318362 499.8931689825451
2 561.4834 445.69653 0
3 -15.996845603536446 42.78081816276267 500.64354825276246
3 615.08307 433.4739 0
4 13.177912072253934 36.22594311804927 501.05832702961
4 668.2099 421.4915 0
5 42.19393598380802 29.721132563499577 502.6594771525762
5 720.77905 409.4924 0
6 -110.73950250323556 33.395873351447364 499.406809195262
6 441.9939 416.5467 0
7 -81.42040720924427 26.920629012015475 502.43924791496397
7 496.4332 404.43817 0
8 -52.1049095681977 20.38342196439574 504.44012043261336
8 550.02057 392.4384 0
9 -22.725950251466262 13.859571021873913 505.75956941345567
9 603.24365 380.59103 0
10 6.442397035688563 7.333589139802028 505.5764183107754
10 655.8454 368.84067 0
11 35.48474670779805 0.921711128710686 506.199723642879
11 708.1559 357.28482 0
12 -117.51249858321593 4.397588227001796 504.0007854084581
12 431.58127 363.57495 0
13 -88.21217849571825 -2.160551905281898 507.034756044735
13 485.5563 351.74402 0
14 -58.78435646378766 -8.657290556768121 509.02842566855855
14 538.9024 340.1319 0
15 -29.438658345055188 -15.136673918137339 509.775779604177
15 591.55725 328.57535 0
16 -0.183912530269639 -21.463109256827032 509.84586324645977
16 643.895 317.2747 0
17 28.792182547251787 -27.88239849140753 510.27268796066346
17 695.684 305.84607 0
18 -124.21439768481967 -24.691645345894088 507.98795735194705
18 421.21817 311.34442 0
19 -94.91754685345519 -31.187901910263058 510.69535411246125
19 474.7191 299.99066 0
20 -65.52237557126303 -37.67687395407327 512.8653814217524
20 527.70844 288.69952 0
21 -36.128352824855114 -44.02499214230293 513.8650287431611
21 580.1035 277.57532 0
22 -6.890621744641387 -50.36929939796918 514.6647563622084
22 632.01355 266.46643 0
23 22.184057955245326 -56.64546486775827 514.8523574609749
23 683.5207 255.39342 0
