0 -76.57747494025826 116.19015020960116 789.2232395104
0 453.573 917.205 0
1 -47.28901864302341 118.92750119180617 795.1925998502819
1 544.0276 922.83276 0
2 -18.01122401806453 121.696460971797 801.1832797523946
2 633.10364 928.4619 0
3 11.276561337803244 124.44933562078181 807.1495216833547
3 720.8883 933.97076 0
4 40.57978661732576 127.21632177640885 813.1589939630709
4 807.4241 939.42053 0
5 69.85179894818253 129.94259025352324 819.2150685833211
5 892.58673 944.6489 0
6 -74.63427820221801 86.52603267766202 793.3840633963318
6 460.69687 825.31665 0
7 -45.34306017144425 89.26484613293533 799.3544939289467
7 550.6359 831.60535 0
8 -16.02814111293421 92.02012966567311 805.3837229310586
8 639.3158 837.82996 0
9 13.236728773721284 94.77785034383805 811.3564156764833
9 726.532 843.9889 0
10 42.521221259142045 97.52677015876282 817.3243190088988
10 812.53204 850.03357 0
11 71.84612121114375 100.30942272749498 823.4321193460976
11 897.3678 856.0394 0
12 -72.6894897911891 56.826401372699856 797.6086744648627
12 467.76877 734.2661 0
13 -43.37824651425573 59.60085464358868 803.6347451107813
13 557.25146 741.29266 0
14 -14.07135829266267 62.35572719858617 809.6147892704902
14 645.38684 748.16693 0
15 15.2042661064838 65.1095259014893 815.5817431862863
15 732.1382 754.9403 0
16 44.5136272317167 67.86839332373022 821.5820653664988
16 817.72296 761.6221 0
17 73.82578864374489 70.61013412342427 827.4963700871948
17 902.09717 768.17847 0
18 -70.73272513099498 27.151142690969618 801.7837807265419
18 474.789 644.25323 0
19 -41.452971363520994 29.887247207219062 807.831774382202
19 563.6663 651.7982 0
20 -12.12792665648751 32.66865521827158 813.8631991412261
20 651.356 659.36707 0
21 17.166969323494488 35.40899207005737 819.8264366248517
21 737.6712 666.7126 0
22 46.47766843044871 38.154731743974736 825.8118598545863
22 822.7822 673.9648 0
23 75.77039974521962 40.94642363947701 831.8334498459824
23 906.6068 681.2405 0
