0 -137.92652895603078 92.0052050763062 797.7199326104446
0 270.8541 840.428 0
1 -108.1052994139232 94.87890322876507 800.0011992798374
1 361.8126 848.28546 0
2 -78.3177276166384 97.73861693271003 802.3739904308109
2 452.1796 856.0228 0
3 -48.480987904576395 100.60338720490898 804.587935749706
3 542.1322 863.7891 0
4 -18.681627001657123 103.50675776381205 806.9237079797866
4 631.488 871.58136 0
5 11.121180397770306 106.37544412513748 809.2041144966036
5 720.34045 879.2471 0
6 -134.89484403031443 62.170977817492144 795.8606361081578
6 279.0551 750.813 0
7 -105.07822476759485 65.07026083541216 798.187591389432
7 370.2063 759.01086 0
8 -75.26680761176767 67.95081628661906 800.5021682736602
8 460.8084 767.1079 0
9 -45.467808427297705 70.83116027326533 802.8141297988635
9 550.8504 775.1583 0
10 -15.654262070373315 73.71056366219052 805.1172655305272
10 640.4183 783.1621 0
11 14.154218905432625 76.56649889998481 807.3067263037133
11 729.466 791.0824 0
12 -131.85616118921467 32.37607425661549 793.9374198130434
12 287.28357 660.90546 0
13 -102.06854292341868 35.277421888322024 796.2850760603137
13 378.55118 669.38934 0
14 -72.2336676387876 38.13352147694575 798.5893348170381
14 469.41287 677.6932 0
15 -42.44049671012075 41.03047842034249 800.8887231586416
15 559.62555 686.0728 0
16 -12.607565025923737 43.91453388608579 803.2127711320558
16 649.4421 694.36176 0
17 17.179817609724363 46.78700154357849 805.4935336851655
17 738.60693 702.57574 0
18 -128.87968811195168 2.567333400688637 792.1435573140742
18 295.42682 570.51794 0
19 -99.04142520640355 5.4538175099907775 794.4142242243109
19 387.00085 579.2446 0
20 -69.21000671323603 8.336144815840528 796.7372831805088
20 478.04596 587.90735 0
21 -39.42658548324296 11.214472469935368 799.0535340211726
21 568.416 596.50793 0
22 -9.583108902619434 14.075337568730081 801.3683488167659
22 658.4441 605.0064 0
23 20.226818681703747 16.98701949484994 803.6006517740165
23 747.85925 613.6134 0
