0 -138.7245388674617 53.28546963346256 803.3036659232474
0 271.35602 722.43604 0
1 -109.03480772817322 49.46069688447299 802.4219103634401
1 360.00467 711.1343 0
2 -79.23145670366982 45.56144486037726 800.9850231407875
2 449.02475 699.6788 0
3 -49.472145596667325 41.70380211755019 799.6963852983795
3 538.25977 688.2841 0
4 -19.732791405565514 37.819340376313136 798.3826197266643
4 627.72076 676.7754 0
5 10.048136943506568 33.98467798522816 797.0893385494254
5 717.6015 665.3765 0
6 -142.75688874812215 23.635421594497732 801.071009068546
6 258.0745 633.7581 0
7 -113.00475713133785 19.775174071992662 799.8417211255023
7 346.99588 622.2462 0
8 -83.21540484903853 15.909652992459465 798.6112549353434
8 436.3029 610.68304 0
9 -53.45490227031359 12.052860476027965 797.3489024085466
9 525.79193 599.112 0
10 -23.689387418257084 8.170760932306253 795.9836468417628
10 615.5707 587.4309 0
11 6.076146847538767 4.292536595247896 794.6696760143326
11 705.6568 575.7206 0
12 -146.71745839551215 -6.024163723932441 798.5494170818365
12 244.77509 544.5492 0
13 -116.97988726771524 -9.912489914008217 797.4994224665905
13 333.99265 532.7853 0
14 -87.22201921117507 -13.743692185094341 796.3226956240255
14 423.46484 521.15643 0
15 -57.41376425629022 -17.619963634299538 794.9086464700383
15 513.30255 509.34076 0
16 -27.647953684921998 -21.49243998159254 793.6507818892348
16 603.34814 497.50732 0
17 2.1193148782844387 -25.35181151478664 792.3289432861244
17 693.6846 485.66992 0
18 -150.75739391304856 -35.713849071185344 796.2710358508806
18 231.29062 454.71704 0
19 -121.0115598036372 -39.588317930365015 795.1565076638287
19 320.74127 442.83304 0
20 -91.21000063196676 -43.46689631578208 793.8586454470603
20 410.54816 430.87277 0
21 -61.427913584866616 -47.311148858981376 792.5492281777593
21 500.58728 418.97552 0
22 -31.645788248201935 -51.20220150080583 791.2285251191578
22 590.92316 406.89426 0
23 -1.8580098189677745 -55.05952635465545 789.9280489741182
23 681.5785 394.8797 0
