0 -134.8909252141305 8.28845528560819 771.5852631461122
0 266.22507 588.5798 0
1 -106.76922291532377 -1.0072525690954477 776.639789734824
1 356.1666 559.5911 0
2 -78.65931817549354 -10.309491844697517 781.734079884238
2 444.92096 530.95886 0
3 -50.53358468117659 -19.62007686567078 786.8207435959516
3 532.573 502.67123 0
4 -22.416954334179955 -28.918901021372424 791.9041945293563
4 619.07104 474.7824 0
5 5.72093212602882 -38.21178123352471 796.9589384574784
5 704.5305 447.26315 0
6 -144.24894415952318 -20.257393551762053 771.0201372651378
6 236.68707 499.45044 0
7 -116.13206997421264 -29.57186854396499 776.1511012793627
7 326.90698 470.972 0
8 -88.00817229262226 -38.865065336139196 781.2528103714291
8 415.95337 442.92868 0
9 -59.873552969183855 -48.16317153228718 786.3024577845341
9 503.86502 415.22446 0
10 -31.74734175731288 -57.49453728344917 791.3131187217742
10 590.6244 387.76398 0
11 -3.593653212676547 -66.80505257983697 796.3481131027957
11 676.37537 360.7183 0
12 -153.59050184677656 -48.813908965984595 770.4637714864095
12 207.16266 410.15875 0
13 -125.48676546122162 -58.116386157915784 775.560949698937
13 297.58484 382.27997 0
14 -97.35876347684088 -67.44666441471898 780.6880593635561
14 386.9126 354.68747 0
15 -69.2177166853328 -76.75538928393755 785.722034174908
15 475.08954 327.4932 0
16 -41.04562883162341 -86.0496793136759 790.7621917793282
16 562.2393 300.69116 0
17 -12.929547268251229 -95.36464309815693 795.8400651630958
17 648.11755 274.17975 0
18 -162.9839717511014 -77.39875992162051 769.9516342865501
18 177.46248 320.6633 0
19 -134.83009757687344 -86.70369759290969 775.0579186615483
19 268.30045 293.3502 0
20 -106.69076384281333 -96.00589725020754 780.0677416003388
20 357.8637 266.36642 0
21 -78.56102915936805 -105.32486050956538 785.117802790177
21 446.2668 239.69218 0
22 -50.43205777072783 -114.65892782326644 790.2475316065678
22 533.5531 213.3481 0
23 -22.270280867483404 -123.94590138680155 795.1791322199425
23 619.796 187.3929 0
