0 -47.96130128007675 0.605852783978144 908.5616767941633
0 560.11584 564.31964 0
1 -18.993899877607802 2.465644514255204 916.2494464165974
1 637.3198 569.19366 0
2 10.010486120111297 4.388507851311221 924.2586020622482
2 713.32635 574.147 0
3 38.977477986835055 6.223984308232567 932.0505993650147
3 787.9538 578.7932 0
4 67.9982295718907 8.121926199300706 939.5581782499426
4 861.5343 583.52875 0
5 97.03145042385445 9.99953032916983 947.5428260854726
5 933.8557 588.1247 0
6 -44.33632055912905 -28.533974767835048 901.8116484971846
6 568.84467 486.52676 0
7 -15.350095889243548 -26.632367515300086 909.5943013523486
7 646.6019 492.2126 0
8 13.625804138507865 -24.762966248608294 917.5415982567265
8 723.00635 497.72906 0
9 42.61710075211885 -22.90925335799612 925.0914942956989
9 798.1863 503.08438 0
10 71.69928232792239 -21.01960911136175 933.205184805278
10 872.27185 508.47855 0
11 100.71182551140461 -19.06903542469135 940.879138831509
11 945.0225 513.9128 0
12 -40.6921763675166 -57.61802827035542 895.346712587384
12 577.79156 407.75995 0
13 -11.665941201681168 -55.758757968767796 903.2243363220723
13 656.1383 414.068 0
14 17.31139249089723 -53.87839626952947 910.8516702939992
14 733.01355 420.28357 0
15 46.295969475706436 -52.00806039229146 918.6075049719163
15 808.614 426.3887 0
16 75.28457537841749 -50.132946827828896 926.3231831384927
16 882.9675 432.39838 0
17 104.31690519234418 -48.20064292833659 934.28859392282
17 956.1335 438.4894 0
18 -37.06265041282905 -86.72789496458475 888.8675239187174
18 586.8274 327.77368 0
19 -8.048105024031763 -84.86360415838413 896.7307629151541
19 665.6291 334.83978 0
20 20.947238797274373 -82.98562949839234 904.3552197099274
20 743.0244 341.76114 0
21 49.95833547311452 -81.13312173443364 912.0471826316514
21 819.1575 348.51538 0
22 78.98584030346134 -79.24092789882657 919.7565171176972
22 894.05615 355.26447 0
23 108.01689061125852 -77.3047448596586 927.7473318741862
23 967.6338 362.07645 0
