0 -114.84486234389574 -61.654049271498266 834.4285876375549
0 355.7883 384.80078 0
1 -98.0756541384211 -36.854988467915746 837.2398936647232
1 405.1365 456.7198 0
2 -81.30432547565043 -12.04821512166382 840.0163300356523
2 454.15082 528.1781 0
3 -64.59220182711543 12.751469299037568 842.975441731044
3 502.713 599.13745 0
4 -47.88352090395103 37.52437085954939 845.907646421028
4 550.9213 669.5275 0
5 -31.14783549654146 62.294601998376116 848.6737183812857
5 598.8559 739.4583 0
6 -89.92578371059106 -78.46688555776528 834.498751488011
6 427.72928 336.30353 0
7 -73.17161009780655 -53.657455155454784 837.4068875337281
7 476.8129 408.427 0
8 -56.419686031993585 -28.8671880778826 840.3420912437535
8 525.55554 479.99902 0
9 -39.714493002109265 -4.062073416997834 843.1690412187062
9 573.81085 551.1137 0
10 -22.986100436671048 20.71638637697654 846.0163261041939
10 621.8113 621.67584 0
11 -6.250210925819142 45.49603213783267 848.9083890723083
11 669.5119 691.76117 0
12 -65.01247979036302 -95.28116298597956 834.6064428616705
12 499.64993 287.82263 0
13 -48.26244029120933 -70.48195615592981 837.4918516067124
13 548.46185 360.07028 0
14 -31.54185551424837 -45.684284130537954 840.4403463461387
14 596.86096 431.82724 0
15 -14.808874646989278 -20.879744369906252 843.3115872514629
15 644.9532 503.09662 0
16 1.9161180014748032 3.9050116476471457 846.2706256426571
16 692.69574 573.8249 0
17 18.65120404560919 28.70010196017582 849.0580996163619
17 740.1449 644.106 0
18 -40.098809777514525 -112.13220551727453 834.804969660078
18 571.5657 239.28339 0
19 -23.382344583620707 -87.30803238504343 837.6743790642882
19 620.0205 311.74808 0
20 -6.626567189257964 -62.52104436975535 840.5974467926455
20 668.25836 383.62292 0
21 10.09415967858589 -37.70171705182389 843.3954450754751
21 716.0661 455.076 0
22 26.83914401409402 -12.904363591171618 846.2178781812223
22 763.6245 525.99506 0
23 43.54660008636062 11.880748812093298 849.0849816104168
23 810.7538 596.4061 0
