0 -176.03468553710852 -78.14610901464013 809.0002845767035
0 163.21878 330.12216 0
1 -166.03252108460325 -49.804201488126694 807.9804932443552
1 192.36964 414.2911 0
2 -156.07227712688515 -21.49320529381911 806.9773917120066
2 221.47871 498.58188 0
3 -146.0893205636555 6.883239868004029 805.9208997375998
3 250.69919 583.27936 0
4 -136.09888093431564 35.18816935622115 804.721248871468
4 279.94632 668.00397 0
5 -126.11342539106053 63.51213861669524 803.5960049296284
5 309.30084 753.021 0
6 -147.80285627939526 -88.03087068075781 812.125409098327
6 248.95305 301.7097 0
7 -137.8036700934307 -59.63164075749869 810.9996378847064
7 278.03708 385.66565 0
8 -127.81863184993958 -31.297214064307486 809.9052460409114
8 307.17462 469.66595 0
9 -117.83483333039177 -2.9520695207115306 808.8266945071732
9 336.3942 553.92566 0
10 -107.85645633002429 25.38420917920869 807.6677933207482
10 365.64365 638.3915 0
11 -97.90762870861397 53.69077462159575 806.5785077166432
11 394.91415 722.9975 0
12 -119.54190899277881 -97.84192211062152 815.1130101398767
12 334.05646 273.684 0
13 -109.53538965570328 -69.4639769328623 813.8716373691468
13 363.1271 357.2009 0
14 -99.56699003840843 -41.132740814149194 812.8576248793888
14 392.25613 440.86865 0
15 -89.6084776412215 -12.782034517327975 811.7625945425315
15 421.40207 524.7994 0
16 -79.62635378187497 15.55902491955654 810.6424054790606
16 450.68954 608.9296 0
17 -69.67881825259583 43.88757403958832 809.5513869274955
17 479.96265 693.2508 0
18 -91.29373631553253 -107.71665039112038 818.0938730392254
18 418.49847 245.67296 0
19 -81.29459368889326 -79.31606047693847 816.882333045061
19 447.57837 328.91782 0
20 -71.32850636360676 -50.94989390063116 815.8297175336636
20 476.68808 412.33765 0
21 -61.36497052517688 -22.623481888785086 814.767026844279
21 505.86322 495.8547 0
22 -51.37413449158484 5.726997228442016 813.6250239488046
22 535.18054 579.6628 0
23 -41.430936043739 34.067625624114164 812.5101357104107
23 564.4432 663.6739 0
