0 -34.84692416709908 122.8898972922253 840.5855254994759
0 587.40765 914.7362 0
1 -5.065295224555679 119.09481552236406 840.2210318649787
1 672.7248 904.01306 0
2 24.74368800818792 115.34605134419105 839.9970280357537
2 758.18256 893.3581 0
3 54.51731983382815 111.56574875116988 839.7539991374491
3 843.5881 882.61426 0
4 84.3179705143768 107.78507368309782 839.3644084557823
4 929.1628 871.9171 0
5 114.1204094890313 104.02369891519946 839.106183346586
5 1014.7708 861.2187 0
6 -38.619332559685525 93.17210932175202 838.5268897402755
6 576.3282 830.26385 0
7 -8.838652918277186 89.40864438739227 838.23565152519
7 661.84955 819.546 0
8 20.964788325100855 85.61617112716675 837.9450807258135
8 747.4957 808.7372 0
9 50.751858611364135 81.86740269782187 837.6402787204432
9 833.15674 798.0505 0
10 80.54964838461764 78.09119826576139 837.2994950753352
10 918.9209 787.28674 0
11 110.35498999239732 74.32062276285203 837.0752496434774
11 1004.7324 776.5007 0
12 -42.39348740695444 63.470975035053804 836.4272176665733
12 565.18317 745.4326 0
13 -12.627329497652022 59.6913995727584 836.2725067429187
13 650.8795 734.58386 0
14 17.173131544042125 55.93583381529245 835.9407653998077
14 736.71686 723.83435 0
15 46.97361082815515 52.14324887581096 835.5606267297317
15 822.63025 712.97833 0
16 76.79144294065391 48.40881060711151 835.2885103761946
16 908.64325 702.262 0
17 106.59895183965668 44.63599725946634 835.0007599725199
17 994.6883 691.4305 0
18 -46.213185739810186 33.74900367316981 834.4473935261439
18 553.86975 660.1003 0
19 -16.424440107292217 29.98900579152225 834.2542629242045
19 639.8304 649.27045 0
20 13.38475242622342 26.199011782847485 833.9077170362614
20 725.897 638.3629 0
21 43.20469449464729 22.44940308023958 833.5633386257263
21 812.06586 627.5628 0
22 73.03487366749357 18.65623442005547 833.311673078048
22 898.3121 616.6219 0
23 102.82014232988013 14.89652510115123 832.9114902743466
23 984.53357 605.77875 0
