0 -132.632075618739 105.59393057722997 721.4681498447566
0 244.51888 915.1316 0
1 -103.08590937343445 108.12174265544496 726.0478872965914
1 345.3141 921.29193 0
2 -73.54605675215011 110.66318882133919 730.6679610174061
2 444.83826 927.39984 0
3 -43.96573635177292 113.1923827303689 735.1879280198754
3 543.2247 933.44135 0
4 -14.413441523686162 115.75240230926742 739.7816339095132
4 640.32214 939.4718 0
5 15.143454165649745 118.27029507277993 744.3113208859203
5 736.2403 945.32446 0
6 -130.78063308012736 75.94303067509465 725.884335795192
6 253.35484 814.6303 0
7 -101.21835736681432 78.49497505894202 730.5067701071769
7 353.5579 821.44794 0
8 -71.64823238145749 81.0381630850567 735.0581088027399
8 452.5038 828.1768 0
9 -42.087533792329744 83.5483272203158 739.5861572698824
9 550.19696 834.72394 0
10 -12.544908104511528 86.11164701442263 744.1630531443748
10 646.6453 841.3451 0
11 17.008729375653832 88.62964394306749 748.7251524342216
11 741.95105 847.7452 0
12 -128.9181899118361 46.29774647726532 730.3311139637289
12 262.13803 715.3566 0
13 -99.34633496807942 48.829147684737165 734.895565316767
13 361.68527 722.7027 0
14 -69.78025394590378 51.389847398473506 739.4746448790092
14 459.98926 730.0502 0
15 -40.22285938233954 53.93105128241752 744.0468545804225
15 557.05396 737.2457 0
16 -10.658155112237884 56.478342428093654 748.6396222124305
16 652.95746 744.368 0
17 18.897817329521313 59.02982777171384 753.1731062915843
17 747.6683 751.43164 0
18 -127.0726655628247 16.65573319458755 734.8061104611012
18 270.77545 617.29315 0
19 -97.50659272020951 19.19617977279958 739.3603486484911
19 369.64365 625.23047 0
20 -67.90773911104591 21.729737045703008 743.9154791949238
20 467.40768 633.0482 0
21 -38.35374905513967 24.256347422551546 748.5050326497212
21 563.8431 640.7449 0
22 -8.781821347593915 26.804212715789888 753.090531599926
22 659.1603 648.41614 0
23 20.782355432920028 29.36349783618878 757.6092791597747
23 753.30493 656.03906 0
