0 -18.72843059605795 87.27437177682715 822.0844071670092
0 632.3791 818.34064 0
1 10.37938749620256 83.86134412474834 828.4816748828403
1 717.41406 806.4472 0
2 39.41290454680033 80.44346424130497 835.000194006636
2 800.91504 794.68835 0
3 68.58686010460781 77.07160967613258 841.4810736418996
3 883.5331 783.25323 0
4 97.73696996456788 73.70612533175176 848.2138126956794
4 964.7381 771.94885 0
5 126.84851180438943 70.32488668862129 854.9023243929003
5 1044.574 760.7884 0
6 -20.856171151409587 57.89168758638917 816.2379864292676
6 625.7084 733.4933 0
7 8.288713112827963 54.50530276619778 822.8075405561466
7 711.503 722.2197 0
8 37.3823232415256 51.09362845325308 829.2997044010478
8 795.7997 711.0652 0
9 66.4648394389224 47.70607435408119 835.7498156099484
9 878.76447 700.16034 0
10 95.61803337606014 44.31133500514949 842.4162837382712
10 960.59033 689.36945 0
11 124.78041849504724 40.932912914953114 849.360248548381
11 1041.0417 678.75635 0
12 -22.946653988593543 28.4948489038828 810.4792878498479
12 619.0595 647.3705 0
13 6.16888956842996 25.103996625376396 817.0003212505362
13 705.4269 636.7012 0
14 35.28522107205957 21.735041907126128 823.6601030145299
14 790.4114 626.25415 0
15 64.45275336079789 18.318625142477437 830.3586868313846
15 874.17236 615.8346 0
16 93.5641657566492 14.94856274218503 836.7983292784947
16 956.5146 605.72845 0
17 122.67459458219265 11.569804228005975 843.3488127192193
17 1037.5503 595.7475 0
18 -25.0659829659184 -0.8902353713087819 804.7189418013421
18 612.229 560.05023 0
19 4.055464806270975 -4.272401054386421 811.3325163144164
19 699.2807 550.0343 0
20 33.16704358905906 -7.6583174537591825 817.7118652011806
20 784.9236 540.16284 0
21 62.31845293206339 -11.055342752259046 824.4523364427858
21 869.27716 530.4259 0
22 91.44830174013424 -14.462118315596012 830.9426966538663
22 952.2799 520.806 0
23 120.63123218991775 -17.8349269022351 837.7588734438317
23 1034.0138 511.45288 0
