0 17.062164867709438 -0.5606340095752707 874.3744524251833
0 734.2366 561.1701 0
1 45.82939339569207 6.834649231114591 878.6823939918734
1 812.85004 581.44324 0
2 74.62237019977528 14.211445171336425 883.3102606620133
2 890.69293 601.4541 0
3 103.40972555265898 21.627835700695936 887.7825735718571
3 967.7583 621.374 0
4 132.17740081800724 29.033836329537444 891.970602031011
4 1044.1117 641.0912 0
5 161.01028830438503 36.41837361769175 896.8241662297961
5 1119.6056 660.4938 0
6 24.962454114154387 -29.39021945847479 871.356351556141
6 756.23413 481.49777 0
7 53.73788918366436 -21.987938879713695 875.7434960568326
7 835.01953 502.25745 0
8 82.53365657069094 -14.611402829627092 880.160597720065
8 913.06744 522.7411 0
9 111.30122370356871 -7.185726365608291 884.5751126410696
9 990.26 543.1539 0
10 140.0868200346852 0.21265698708462355 889.1101138822567
10 1066.6833 563.2899 0
11 168.96176383139456 7.596814440913003 894.0332352932503
11 1142.3741 583.1744 0
12 32.848925319846344 -58.230067778934114 868.2477814216331
12 778.3558 401.22632 0
13 61.63198640088982 -50.83001993818297 872.6198695881101
13 857.3346 422.45493 0
14 90.4255189078484 -43.416537436676194 877.1116589089952
14 935.5208 443.52502 0
15 119.19248223915007 -36.038056503711665 881.6316099214047
15 1012.82733 464.28796 0
16 148.02408416794256 -28.6654152740275 886.1892392849103
16 1089.5038 484.82654 0
17 176.8385660850133 -21.24290408277293 890.8409100477644
17 1165.2988 505.2958 0
18 40.723389472189396 -87.0970556925124 865.291554653055
18 800.583 320.34515 0
19 69.52469647238522 -79.69196298548074 869.648930881946
19 879.77234 342.06277 0
20 98.31482512635087 -72.28570738999862 874.1320679307544
20 958.1023 363.5957 0
21 127.12358007449681 -64.90826170368287 878.6881293408001
21 1035.655 384.8447 0
22 155.963711512936 -57.517229812691745 883.4023116932509
22 1112.4171 405.93958 0
23 184.78074309783509 -50.11763109901559 887.9406371370201
23 1188.4009 426.80682 0
