0 -25.38563361224201 120.84494836971558 778.8560116373471
0 608.7497 936.3142 0
1 4.472250425478253 120.67243187574027 781.9490551257768
1 701.01666 934.3052 0
2 34.32030545857328 120.50175851787249 785.0629710353586
2 792.5236 932.3078 0
3 64.1878686890687 120.34323549703689 788.1526469239633
3 883.37317 930.37463 0
4 94.03902798883085 120.19022266185424 791.2062903753076
4 973.4763 928.49 0
5 123.91023816031264 120.02962812117268 794.4278106678128
5 1062.868 926.51996 0
6 -25.571031003878606 90.80519439189491 779.3115440645981
6 608.22266 843.2802 0
7 4.284237138354835 90.63450865245458 782.3758772110659
7 700.4304 841.656 0
8 34.1383325275061 90.5076590536818 785.530483852817
8 791.9031 840.147 0
9 63.98205127165086 90.31611907564063 788.522228049946
9 882.65265 838.50946 0
10 93.85389592633584 90.14113991958148 791.5991155546279
10 972.77106 836.9052 0
11 123.74007429919784 90.00639532258579 794.7576326949753
11 1062.1965 835.4073 0
12 -25.786666611031006 60.79723857407488 779.793364134767
12 607.6055 750.4468 0
13 4.0775779209760135 60.657412026768114 782.8546356663207
13 699.7866 749.2826 0
14 33.95165060361412 60.47500898087448 785.8950334479023
14 791.2825 748.00195 0
15 63.81518688605785 60.2969608389778 788.9638189020887
15 882.03394 746.73785 0
16 93.70200148670894 60.17384163614132 792.0393372149969
16 972.1505 745.649 0
17 123.55460861828253 60.02521456979127 795.2498076962407
17 1061.4028 744.46045 0
18 -25.988011931199825 30.78658813316116 780.3243998122441
18 607.0383 657.7137 0
19 3.8987172402781463 30.61445984817641 783.3498121170461
19 699.2288 656.8177 0
20 33.74858653366983 30.46793259002698 786.351202490084
20 790.6002 656.0098 0
21 63.64346342023652 30.29823732747739 789.4395252722685
21 881.3927 655.12726 0
22 93.51201377614424 30.13899087734126 792.5509974163717
22 971.3893 654.28064 0
23 123.36876141311325 29.99816913087229 795.6737173441469
23 1060.641 653.4951 0
