0 -139.4703097768072 82.0258687993447 846.454783222811
0 290.43558 796.0506 0
1 -111.55171717603244 92.81097521039354 848.9412475402504
1 370.79642 825.9574 0
2 -83.61961393353778 103.5899420575986 851.3657417180098
2 450.7089 855.6935 0
3 -55.66638990205011 114.36866940564296 853.9204697480657
3 530.25104 885.2108 0
4 -27.752440112108037 125.1438483873128 856.2946325150783
4 609.1918 914.6163 0
5 0.16757515881175203 135.95780962132991 858.9562812185773
5 687.7128 943.8403 0
6 -128.56627388792432 54.12722849921914 844.8505019731779
6 320.7641 716.9805 0
7 -100.62236999894456 64.8976032085002 847.2936010222417
7 401.2454 747.14355 0
8 -72.67939933848925 75.69514142654202 849.7839493728223
8 481.2727 777.1982 0
9 -44.75199729496426 86.46478823790967 852.22729576055
9 560.7814 807.01184 0
10 -16.82943524143032 97.24852803969688 854.7109403671027
10 639.82404 836.6818 0
11 11.104183020816594 108.01362612043603 857.0913282788092
11 718.4435 866.16406 0
12 -117.65060968116755 26.22018208655577 843.3351756958549
12 351.27667 637.5777 0
13 -89.72036802221388 36.991921886454044 845.7115883106832
13 431.75497 668.0363 0
14 -61.75697442124124 47.763858824572374 848.0164379947103
14 511.8616 698.33624 0
15 -33.8327636704043 58.55751278203035 850.5627742539577
15 591.4502 728.4863 0
16 -5.903233927684251 69.35094162957981 853.0736687348054
16 670.578 758.4639 0
17 22.043741880997157 80.13585461970692 855.454348304776
17 749.2999 788.27594 0
18 -106.73612640973218 -1.7249920441018702 841.6359015941572
18 381.82898 557.7789 0
19 -78.78035623719279 9.068774769747485 844.0491634504779
19 462.46594 588.5852 0
20 -50.84310288571134 19.844938001923445 846.5197039545806
20 542.6002 619.162 0
21 -22.907407610378055 30.623834443434465 848.9898781418348
21 622.2637 649.5686 0
22 5.035653094545034 41.40659346132916 851.4353810968181
22 701.48615 679.8131 0
23 32.979792073518716 52.205394301266075 853.7979818484396
23 780.2669 709.9439 0
