0 -10.655578669854492 111.30184573695128 859.9779841401269
0 657.4035 874.3523 0
1 19.225912494984954 108.38083083363708 859.6753637374318
1 741.1015 866.28046 0
2 49.10312649600704 105.48770087503596 859.5070959564531
2 824.82495 858.23486 0
3 78.991893418637 102.55220012329245 859.0992739372101
3 908.6753 850.1475 0
4 108.92811435457739 99.62441102996048 858.7857235269753
4 992.70483 842.04346 0
5 138.79395655645348 96.68776878081441 858.4609990201275
5 1076.6034 833.9122 0
6 -13.623624805647747 81.7730163926882 855.5465963127973
6 648.8943 792.8593 0
7 16.317207328756528 78.85594822222316 855.2925014536717
7 733.18744 784.71533 0
8 46.20940470520448 75.93720623751257 854.988495335382
8 817.4013 776.5743 0
9 76.08188786650123 72.9926359783696 854.532292181009
9 901.6577 768.3913 0
10 105.99857772750939 70.0771792199497 854.2749640304162
10 986.0592 760.23566 0
11 135.91946270040506 67.18263432355738 854.2076877006556
11 1070.4381 752.0919 0
12 -16.529061980277948 52.22335522421764 851.116610950276
12 640.4737 710.45856 0
13 13.36743611805657 49.31370316599225 850.8863255440298
13 725.07666 702.26465 0
14 43.268344464009324 46.40160314547539 850.5488440781021
14 809.75336 694.0759 0
15 73.17500945756778 43.46739479984187 850.223013365882
15 894.51074 685.8164 0
16 103.10028420372959 40.56266470261546 849.8843500470608
16 979.39026 677.6358 0
17 132.98719448448912 37.650627044925976 849.6520120308137
17 1064.1815 669.4146 0
18 -19.488843386926035 22.703005084072263 846.6989333803781
18 631.8112 627.27795 0
19 10.404322054656786 19.75878129141819 846.4184040488113
19 716.84564 618.92365 0
20 40.352963851740455 16.832041991816638 846.0941524562035
20 802.1003 610.616 0
21 70.26169681777397 13.932055901121878 845.7263475219237
21 887.31696 602.38025 0
22 100.14060121790213 10.98265198669009 845.3905009836544
22 972.512 593.99536 0
23 130.0644549000679 8.071553621959739 845.1714507273191
23 1057.8517 585.7098 0
