0 -23.155875054492807 54.86395757208686 750.8581501701119
0 612.9744 738.6542 0
1 6.5743090367184305 58.58276389436641 752.7847683678995
1 708.275 750.099 0
2 36.30247114215946 62.26207733001758 754.6801392409936
2 803.0874 761.3676 0
3 66.02530972728063 65.9362326273756 756.6049961020701
3 897.3996 772.5552 0
4 95.75613978529812 69.63990527138026 758.5474261837907
4 991.25146 783.77454 0
5 125.4899990079525 73.33810252696772 760.5596163380825
5 1084.597 794.89795 0
6 -19.31386385585838 25.194192487672534 748.7323605190262
6 625.12115 643.73724 0
7 10.41405423293603 28.908620385740182 750.6121560463873
7 720.6553 655.4498 0
8 40.16013841532039 32.5879796340521 752.4799264588928
8 815.7723 666.99335 0
9 69.88807349024971 36.27490333984823 754.3834995845361
9 910.34973 678.49835 0
10 99.61226499606933 39.967704575929524 756.287687927585
10 1004.4389 689.96405 0
11 129.3335771028656 43.67221067390952 758.3355253445342
11 1097.9685 701.38306 0
12 -15.46640798607291 -4.482342220808033 746.5353102918504
12 637.34985 548.2566 0
13 14.26728379586608 -0.7904175564947148 748.4271035105514
13 733.15155 560.171 0
14 43.99486249475887 2.9149181683513095 750.3080430907903
14 828.4526 572.06854 0
15 73.74611070289187 6.59399237352063 752.2167127264494
15 923.34406 583.8217 0
16 103.47527889188078 10.303526706191636 754.17956192349
16 1017.66095 595.6103 0
17 133.2128877682838 14.018729505396022 756.2199457419018
17 1111.4716 607.35114 0
18 -11.636419268897786 -34.19307105758085 744.4096449113486
18 649.59784 452.11227 0
19 18.10197464812951 -30.495363653351188 746.3136057961244
19 745.6556 464.32462 0
20 47.856850206180155 -26.796180900207194 748.0949996753728
20 841.30273 476.46542 0
21 77.59004295246164 -23.093856001825504 750.0457122863064
21 936.36957 488.57538 0
22 107.33503758652567 -19.404778884820217 752.0055580103228
22 1030.9768 500.58084 0
23 137.07167672500066 -15.69632030601894 754.0300936939321
23 1125.028 512.5901 0
