0 17.94725846013925 11.312460723036681 757.1761284741494
0 744.3255 598.6886 0
1 47.909449516475725 13.41630965303897 757.4902237321625
1 839.55914 605.3613 0
2 77.84140453994162 15.465725961137139 757.9160072709432
2 934.5813 611.8483 0
3 107.78707845926284 17.572484347679612 758.3307797780332
3 1029.5453 618.5109 0
4 137.7519177146323 19.671232038666897 758.8628835694303
4 1124.3987 625.13116 0
5 167.7115507105076 21.75124380855039 759.3336083738207
5 1219.1456 631.6883 0
6 20.084412561856812 -18.108495792717505 751.6127264993856
6 751.5957 504.70117 0
7 50.03712499138594 -15.995771797720714 751.9489768748904
7 847.49585 511.49246 0
8 79.99828630849217 -13.90669115924208 752.3629673051031
8 943.31085 518.2066 0
9 109.93351595753279 -11.845766705216436 752.8219180126933
9 1038.9165 524.82556 0
10 139.92034486918118 -9.73629371551949 753.3171564805398
10 1134.5491 531.59314 0
11 169.89436422286443 -7.666309802816301 753.8919777025288
11 1229.9578 538.2283 0
12 22.21432165058352 -47.516854319397716 746.0654193754353
12 758.9494 409.35596 0
13 52.17553407697657 -45.416290557132406 746.3901760028928
13 855.589 416.1992 0
14 82.16227802005952 -43.328393456326864 746.8367012114287
14 952.18365 423.0184 0
15 112.10382834420149 -41.258591471437434 747.2133475104437
15 1048.551 429.75873 0
16 142.07368258935088 -39.15922531132563 747.748540745549
16 1144.8154 436.61423 0
17 172.05481551340276 -37.05570614835899 748.2847742965278
17 1240.9777 443.47345 0
18 24.353980660087505 -76.96101900577622 740.5378612296875
18 766.4429 312.4725 0
19 54.31364574202683 -74.85408006780713 740.8508513990788
19 863.798 319.42612 0
20 84.27410878693219 -72.76708081106516 741.2142812012037
20 961.0548 326.32516 0
21 114.26238637585914 -70.6708634196351 741.7146081177023
21 1058.2382 333.28973 0
22 144.23570324742124 -68.59649884131258 742.1917045075986
22 1155.2566 340.16705 0
23 174.2253616620376 -66.49948006689338 742.7674951703353
23 1252.1283 347.13763 0
