0 -55.40613275364299 107.002806057224 784.4449872185559
0 517.1458 891.1634 0
1 -25.98566467824728 101.1918415398711 783.5064235554981
1 607.3713 873.6985 0
2 3.473212040991105 95.4064515572287 782.5294452112317
2 697.9319 856.2848 0
3 32.904760140589886 89.61244231391171 781.5283871473329
3 788.6378 838.8095 0
4 62.3508493352514 83.83913770609786 780.4884789531093
4 879.63086 821.36615 0
5 91.79940424817234 78.02256567764438 779.5807360373335
5 970.82623 803.7017 0
6 -61.209083247694714 77.52436796388902 784.5906353924513
6 499.3656 800.634 0
7 -31.77065147048112 71.75485835812171 783.6394192945296
7 589.6066 783.1948 0
8 -2.31882418554739 65.94939258445821 782.6814145381736
8 680.10815 765.60443 0
9 27.115397021812296 60.177812708653846 781.7323463429532
9 770.7763 748.0732 0
10 56.57335198029925 54.38134987535419 780.7572656612537
10 861.7439 730.42816 0
11 86.02962531170915 48.58777947269985 779.7397849089962
11 952.94824 712.7561 0
12 -67.01720973166825 48.085367000984746 784.7230361750413
12 481.57263 710.26166 0
13 -37.597711145688045 42.30723845079465 783.9431668974597
13 571.7439 692.6609 0
14 -8.115855376629835 36.50353073868973 782.8972681871008
14 662.278 674.98456 0
15 21.343611570277467 30.722360114019054 781.9004709095717
15 752.98126 657.3244 0
16 50.80854990249491 24.934638917809917 780.9287150321652
16 843.9279 639.5965 0
17 80.27047530815031 19.14217410841169 779.9459278381887
17 935.0954 621.8106 0
18 -72.84713874837502 18.61900885393022 784.9237473846267
18 463.73822 619.83093 0
19 -43.39455830515212 12.840756973001959 783.9679986458867
19 553.94037 602.1532 0
20 -13.912502703598138 7.050337323177744 783.0847655973326
20 644.45734 584.3929 0
21 15.52437814624772 1.2621857625399484 782.0940747487415
21 735.0462 566.6 0
22 45.007179251178364 -4.552941757526145 781.0997873458465
22 826.0071 548.6787 0
23 74.47361481999138 -10.329794864395929 780.1262515139969
23 917.1432 530.83075 0
