0 0.4821320400158906 98.21335519076354 828.1589792772437
0 688.645 848.2709 0
1 22.790717918617563 78.2679945890322 830.6687635980804
1 753.3172 789.59186 0
2 45.12576294668728 58.32487431089221 833.3475647463019
2 817.6498 731.23865 0
3 67.43614650808304 38.37112490091021 835.7444642378774
3 881.5646 673.26605 0
4 89.79391366218766 18.406014761988025 838.276657526756
4 945.2083 615.58386 0
5 112.10902273294018 -1.5497778951616479 840.7796874475155
5 1008.35767 558.27563 0
6 -19.31017551936021 75.76245234693631 825.6786174215925
6 630.92114 783.65625 0
7 3.0216988108740575 55.81335838342157 828.1880978198038
7 696.02966 724.9865 0
8 25.317234263412434 35.86522459417572 830.7430884984633
8 760.63544 666.66833 0
9 47.66254869676095 15.920527651788932 833.269303201532
9 824.99365 608.7193 0
10 70.00226517037106 -4.038576614065754 835.7501357400648
10 888.95764 551.0784 0
11 92.33657571593383 -24.013140408537495 838.2981424605625
11 952.5062 493.73987 0
12 -39.09700320224339 53.318438970400514 823.1862069043298
12 572.8638 718.6747 0
13 -16.783064190974 33.3686892875362 825.7256429862987
13 638.29474 660.0199 0
14 5.548130336132756 13.417673705779656 828.269614102737
14 703.3746 601.7209 0
15 27.873061946422766 -6.539352301870994 830.7945603010123
15 768.03955 543.76105 0
16 50.20191041811751 -26.486971556496904 833.1856416800476
16 832.3473 486.16733 0
17 72.54777284178351 -46.47455817629788 835.7839410624025
17 896.2842 428.82126 0
18 -58.8918079045328 30.871732617578402 820.6561429116015
18 514.4224 653.2947 0
19 -36.57415354690437 10.929910788188415 823.2816826375939
19 580.25684 594.68115 0
20 -14.253256892821726 -9.036656758093546 825.8332276568269
20 645.6784 536.3658 0
21 8.062787871214287 -28.990996665816134 828.2551305891899
21 710.6865 478.432 0
22 30.40084777529596 -48.98026966671829 830.6885316712312
22 775.3782 420.73676 0
23 52.73799218611253 -68.93542417162885 833.2353701593728
23 839.6685 363.50427 0
