0 -42.11368624955829 58.75684713795992 863.9733843445669
0 569.85474 726.46875 0
1 -23.93581531969542 34.9035411679999 865.7808485864317
1 620.66327 659.78674 0
2 -5.7416989646396 11.05443377763773 867.5141824167777
2 671.30383 593.39685 0
3 12.409354061916718 -12.810113432830253 869.5058389545271
3 721.6129 527.2395 0
4 30.62650870048115 -36.68524579942342 871.2658284550679
4 771.8972 461.32834 0
5 48.79960409418214 -60.57119179162523 872.9094515779666
5 821.8752 395.63083 0
6 -64.89321701216741 40.818489824319954 856.0551401239943
6 504.68564 677.527 0
7 -46.743430348681606 16.98408536225351 857.9367962846959
7 556.03296 610.38153 0
8 -28.54697094775606 -6.888574945928332 859.8163857652852
8 607.2861 543.4228 0
9 -10.364764149579383 -30.765639358692706 861.59608764752
9 658.2724 476.7339 0
10 7.821895081464219 -54.6388826552593 863.4786310330427
10 709.05835 410.34872 0
11 26.00232217114493 -78.52968737843035 865.3105004967292
11 759.6102 344.19073 0
12 -87.6826810087835 22.907264666701444 848.3388075291277
12 438.33075 627.7329 0
13 -69.5306246432074 -0.9450581223167396 850.1651325279435
13 490.28455 560.03735 0
14 -51.34310815226304 -24.833342146353598 852.0334189256538
14 542.123 492.53384 0
15 -33.17070521757744 -48.70275052300592 853.8063892433089
15 593.6815 425.36362 0
16 -14.978687600143875 -72.58366706003007 855.667834718597
16 645.08594 358.4605 0
17 3.2229113971763517 -96.45926241109527 857.3296891674081
17 696.2962 291.79974 0
18 -110.49650676266614 4.946426639658369 840.496509565007
18 370.64044 576.8847 0
19 -92.33683291054777 -18.893536897109776 842.4386265068939
19 423.28278 508.71188 0
20 -74.15399013451744 -42.790538872399445 844.2269834794374
20 475.7105 440.6678 0
21 -55.97193520798939 -66.63961212627031 846.0520457771972
21 527.92126 373.056 0
22 -37.78270086548154 -90.53324078404665 847.7939321843454
22 579.9171 305.58353 0
23 -19.599524619338986 -114.42276632943053 849.6439365898525
23 631.68964 238.44064 0
