0 -80.32750171049972 110.64839817348582 798.0416049600628
0 444.8386 896.5671 0
1 -55.46690766010161 93.8112441731412 797.6005604022487
1 519.7679 845.9218 0
2 -30.61879036677854 76.98168117612893 797.1761501589378
2 594.7443 795.2386 0
3 -5.767053342454841 60.12386669089587 796.6988799317136
3 669.8104 744.42804 0
4 19.101873562246 43.2814764558196 796.2681067601438
4 745.01514 693.5956 0
5 43.961349335229656 26.410749517251762 795.6870389302443
5 820.2978 642.63745 0
6 -97.16989684953684 85.87493162797922 796.5350909603444
6 393.45868 822.3096 0
7 -72.33119044228202 69.03142479873118 796.2062100065659
7 468.4659 771.4787 0
8 -47.47785090137579 52.167125845230416 795.7099533849643
8 543.5492 720.5761 0
9 -22.64307928013935 35.31675734063869 795.3095592318929
9 618.6782 669.6393 0
10 2.2370376662303277 18.451760387732513 794.8148016521878
10 694.0211 618.61346 0
11 27.1018144016593 1.6171983133696475 794.3016107303141
11 769.41327 567.61646 0
12 -114.05304580219972 61.06678550208068 795.150145683439
12 341.81342 747.6373 0
13 -89.21063697946369 44.22846450589656 794.8408247398194
13 416.94785 696.6994 0
14 -64.33609459974463 27.36255697210844 794.2669297861695
14 492.17322 645.66583 0
15 -39.49198805675926 10.506071116601907 793.87871999735
15 567.44305 594.5796 0
16 -14.626567128995783 -6.340288771047197 793.3459150856318
16 642.84314 543.4706 0
17 10.253936754269237 -23.19521819845622 792.8800346852399
17 718.38776 492.2728 0
18 -130.9098771629695 36.24080046127696 793.5696538270033
18 289.9699 672.6775 0
19 -106.05035337095794 19.410268652654864 793.1335452800483
19 365.2343 621.6419 0
20 -81.2161994523217 2.553224168678712 792.7565538030727
20 440.52286 570.46906 0
21 -56.36820929474386 -14.288429268430065 792.4358191076286
21 515.93726 519.29736 0
22 -31.494676999392148 -31.165356177023263 791.8947977847465
22 591.46375 467.95065 0
23 -6.617976548502115 -48.028376498096755 791.4666665074424
23 667.106 416.5969 0
