0 54.32298582222491 66.74673795834104 851.1691632632873
0 840.94147 751.53485 0
1 68.85990512131937 40.52598594864816 852.2157906064178
1 881.83215 677.2178 0
2 83.44663563399611 14.245258746703316 853.3623398502925
2 922.73553 602.90906 0
3 98.07048721074838 -11.993282663002281 854.9215239007763
3 963.50037 528.93494 0
4 112.65344592407007 -38.25497500002237 855.8990996912694
4 1004.21704 455.09198 0
5 127.26941305272666 -64.54909271498407 857.3283960351364
5 1044.7451 381.42197 0
6 29.04888177842878 52.433593567803605 843.6578390630159
6 770.16406 712.3648 0
7 43.63066974252033 26.182731895564544 844.8748731382376
7 811.6089 637.33453 0
8 58.20602232335366 -0.07102485172271605 845.9655065423315
8 852.9409 562.51184 0
9 72.80044471946701 -26.338636824289946 847.1776699266989
9 894.19104 487.85318 0
10 87.36591477829528 -52.61226914250778 848.283407177127
10 935.2722 413.37204 0
11 101.95750515455008 -78.88242683402483 849.4917294453597
11 976.2856 339.12167 0
12 3.7794395347476755 38.078504688423486 836.0700817050413
12 698.12946 672.38025 0
13 18.36219544916564 11.823750360662592 837.3826392690127
13 740.05133 596.7131 0
14 32.92085867222959 -14.418396342444163 838.496892702869
14 781.79517 521.30914 0
15 47.50456034829149 -40.699725877956645 839.458614605019
15 823.5248 445.97177 0
16 62.1134175465497 -66.98618825884527 840.9331357583318
16 865.12244 370.90915 0
17 76.69023804930004 -93.24573777360227 841.9661875397235
17 906.59784 296.04648 0
18 -21.50404340373289 23.738958089572918 828.5162874697619
18 624.7371 631.7056 0
19 -6.928256436523984 -2.5003328702571257 829.6881586883358
19 667.13306 555.45764 0
20 7.641613904783935 -28.77077712518952 830.9347008317341
20 709.39026 479.34195 0
21 22.228638844118457 -55.02959378004506 831.9840621442971
21 751.58575 403.4502 0
22 36.801734049759965 -81.31711424141801 833.0876656182672
22 793.62775 327.68198 0
23 51.38997139538401 -107.60462961164576 834.2254725014794
23 835.5961 252.12698 0
