0 41.84227134865411 49.232679252301374 867.7531017703882
0 803.3667 699.32733 0
1 71.26285208365874 53.765893650571414 871.687308602705
1 884.1242 711.233 0
2 100.68380158088125 58.32156161814697 875.7504263599179
2 964.1163 723.06976 0
3 130.1035230456383 62.85740283021563 879.6864326240761
3 1043.4176 734.7678 0
4 159.5221767330229 67.47056648216696 883.9096246841934
4 1121.8683 746.51263 0
5 188.9543646838825 72.01314002556225 887.9116893998022
5 1199.7372 758.003 0
6 46.43063679488767 19.502755492697972 868.1035428307299
6 816.04865 616.8094 0
7 75.82236394563328 24.05206006359572 871.9928491349958
7 896.6476 629.1304 0
8 105.28039621728163 28.633699268230085 876.036097289037
8 976.6622 641.417 0
9 134.69653454489935 33.197692901707654 880.1889786025813
9 1055.781 653.5311 0
10 164.13578998457248 37.750242521640544 884.2879682555539
10 1134.247 665.5066 0
11 193.58379170956823 42.34351974495328 888.3416151866435
11 1212.0393 677.4878 0
12 50.977853217544485 -10.190605406696186 868.397657566663
12 828.6154 534.4576 0
13 80.42369473895094 -5.612025474409894 872.3765339267641
13 909.25775 547.224 0
14 109.8527672755672 -1.0763067876038244 876.442315999228
14 989.0918 559.757 0
15 139.2951050972863 3.50889311451145 880.618131461218
15 1068.1772 572.3084 0
16 168.74337701992422 8.065457397598916 884.7229440246737
16 1146.5692 584.66516 0
17 198.2196863151092 12.652649584150012 888.913983488647
17 1224.261 596.9874 0
18 55.5644408822555 -39.920091728698715 868.7943077451255
18 841.26465 452.07446 0
19 84.9778766136528 -35.327320170502766 872.6000388971448
19 921.7698 465.23047 0
20 114.44046764430539 -30.759862257199956 876.8579180810881
20 1001.54865 478.24625 0
21 143.88194820746077 -26.21849101852008 880.9927235467975
21 1080.5537 491.05493 0
22 173.3180002428784 -21.675723358717594 885.1160099456475
22 1158.812 503.74698 0
23 202.8072441074446 -17.096109921528555 889.2214657857307
23 1236.4996 516.42017 0
