0 74.83575579133675 121.63832711423784 870.3963760906719
0 894.3019 899.21716 0
1 89.65025348502864 95.81666418620047 874.6978362719134
1 934.0715 826.48 0
2 104.47821070543013 70.00816192048977 878.8463832608313
2 973.5385 754.5241 0
3 119.28534387587605 44.19575281748711 883.0683899703799
3 1012.55084 683.2237 0
4 134.10711553452248 18.34753160481102 887.110870366019
4 1051.3053 612.5147 0
5 148.89784275341273 -7.509761559551076 891.2155194669782
5 1089.5962 542.42413 0
6 49.71611069520927 106.27803867117271 864.4876383421357
6 825.7399 858.73364 0
7 64.54419626265677 80.45825547426011 868.4692065926147
7 866.223 785.78955 0
8 79.38141147230422 54.65930814888883 872.9609202596776
8 906.23376 713.4806 0
9 94.16536679447363 28.833628977570925 877.0888238023344
9 945.7959 641.8714 0
10 108.99643059295464 2.9885645009834296 881.1829042354942
10 985.12756 570.88043 0
11 123.8438454975338 -22.86804741086482 885.7316593530105
11 1023.967 500.5466 0
12 24.625378029163596 90.93696048243046 858.2538105705423
12 756.34155 817.8434 0
13 39.43440923144203 65.13321645576993 862.6067441080245
13 797.33716 744.5272 0
14 54.23447295221622 39.29345646935379 866.8062333096135
14 837.92285 671.8666 0
15 69.06585754220447 13.487528526044743 871.0669095832103
15 878.19037 599.9975 0
16 83.89001227217369 -12.374915147127426 875.2367345772489
16 918.06995 528.66907 0
17 98.6832464832293 -38.17919903483781 879.3528228627263
17 957.5032 458.16992 0
18 -0.4980030743449533 75.63001742368665 852.465752257657
18 685.8361 776.3395 0
19 14.305998465871408 49.7884412053008 856.5941812149039
19 727.46326 702.66925 0
20 29.103998985017363 23.960069623684287 860.8441317913876
20 768.6628 629.7332 0
21 43.93022807996216 -1.8611844023952722 865.0147423020975
21 809.5473 557.53314 0
22 58.70075028455792 -27.719130168273765 869.0522515922261
22 849.91003 485.91254 0
23 73.53767691861509 -53.56296063962267 873.3183070114181
23 890.02954 415.03192 0
