0 19.391900925352807 95.01593065572644 729.0680571522576
0 751.29816 876.5221 0
1 43.45028676446666 77.39535513990255 725.6914181352287
1 831.4354 819.5162 0
2 67.53353615237302 59.766993323384135 722.3051419048563
2 912.40784 761.954 0
3 91.6306342387173 42.18298625145823 719.0550909967005
3 994.1313 703.9713 0
4 115.70286794361198 24.58402473304338 715.7137221907764
4 1076.5629 645.42236 0
5 139.7898607239937 6.9648294643402195 712.4584829724006
5 1159.7605 586.2529 0
6 1.5970303638908554 70.89533060543606 728.1478522997709
6 692.52496 797.15515 0
7 25.65706578726738 53.26692162278838 724.8358563254155
7 772.48804 739.6653 0
8 49.7572872609152 35.65251132987793 721.4509927806025
8 853.3361 681.70636 0
9 73.8222076873697 18.041949121513614 718.1674612222342
9 934.7931 623.2054 0
10 97.9120220253212 0.422182012075278 714.8300655620524
10 1017.10706 564.1361 0
11 122.02113363133115 -17.195661523526947 711.5789194802443
11 1100.2085 504.52625 0
12 -16.21241931042976 46.7359578880876 727.213545588111
12 633.5537 717.462 0
13 7.863269131474701 29.12765836554392 723.9582936235505
13 713.4002 659.5926 0
14 31.938863147231533 11.520860122303267 720.6678280354922
14 793.9729 601.20734 0
15 56.05004554205907 -6.114106284057328 717.3162850374675
15 875.4202 542.1902 0
16 80.1335460049331 -23.728348239721985 714.0175538586946
16 957.51886 482.69476 0
17 104.223680768714 -41.35643177043239 710.7079706516229
17 1040.4075 422.59802 0
18 -34.0426745859923 22.58508836054371 726.4666719061318
18 574.39087 637.57263 0
19 -9.963451041687332 4.994071200694371 723.1903415665711
19 654.06433 579.3419 0
20 14.121085596434195 -12.641914222417084 719.875579655506
20 734.4833 520.4285 0
21 38.19987467524585 -30.2587929953019 716.5007386216696
21 815.6377 461.02576 0
22 62.31402061058922 -47.905415033678246 713.1629552689544
22 897.6687 400.96872 0
23 86.4118725075186 -65.5241290974591 709.8216119489522
23 980.41736 340.44043 0
