0 -28.777526714703033 92.20608848566457 802.5890740086427
0 600.89307 839.3458 0
1 1.1981574844883456 92.61403414219157 804.0904909665746
1 690.8315 840.0509 0
2 31.187454098637367 93.04082899414355 805.8135101029451
2 780.4497 840.7332 0
3 61.16727262574183 93.47391500128063 807.4876607371888
3 869.6683 841.44824 0
4 91.12100950452846 93.89275876748015 808.8951940079558
4 958.5294 842.21 0
5 121.17273543504825 94.32893778226276 810.9171346915665
5 1047.1002 842.8083 0
6 -28.049486804887163 62.74238366079724 796.9967732422206
6 602.48706 752.2712 0
7 1.9487166001422422 63.17397379841261 798.6615938395258
7 693.1191 753.17725 0
8 31.91270477514063 63.57521273659974 800.1170880192448
8 783.2962 754.03827 0
9 61.90036620073268 63.994465830582776 801.6945996456257
9 873.18866 754.921 0
10 91.86874086188543 64.4170961451802 803.3917322064304
10 962.6292 755.7817 0
11 121.87285888026375 64.84207331160601 804.9760117510655
11 1051.8507 756.6729 0
12 -27.30074014910478 33.24512391212051 791.4065329486494
12 604.1668 663.8636 0
13 2.688678715449399 33.68530394633785 792.9713012815143
13 695.4085 665.0006 0
14 32.67218133831433 34.13243131356923 794.5640013245347
14 786.2694 666.1506 0
15 62.63840336157641 34.54402737101071 796.132974500901
15 876.72015 667.1916 0
16 92.64105970780268 34.99371897489791 797.8711186024295
16 966.8658 668.3211 0
17 122.61165106713705 35.43343949044179 799.4554245168506
17 1056.594 669.4362 0
18 -26.595344062915316 3.7818441767324678 785.8216592942127
18 605.73816 574.3022 0
19 3.38653002578955 4.217673456290403 787.3910843744966
19 697.60077 575.6119 0
20 33.40898750425766 4.625635047458654 788.9405487267758
20 789.22437 576.83167 0
21 63.39845299983618 5.08760125013514 790.517562253617
21 880.38153 578.21063 0
22 93.38260825028783 5.5018758840659245 792.2007540013221
22 971.1215 579.4369 0
23 123.39029511587495 5.918801210706876 793.8961679032376
23 1061.5424 580.6657 0
