0 40.372941124510135 36.357371305477216 751.1792619801621
0 816.67706 679.2566 0
1 70.03024671856805 36.45365428740955 746.4438855983137
1 913.1815 680.3065 0
2 99.68703628881624 36.54971995405048 741.7821860912211
2 1010.8844 681.35736 0
3 129.3653627251618 36.63026407198103 737.1994734396062
3 1109.8481 682.358 0
4 159.05301993963516 36.73936826743771 732.6271420922945
4 1210.0732 683.46326 0
5 188.73408335996683 36.825554696667886 728.0572265641656
5 1311.5333 684.5062 0
6 40.9731415724596 6.484219649431076 754.4014752311017
6 818.0402 583.4102 0
7 70.64527231232815 6.601651106200953 749.7236361589221
7 914.1687 583.9165 0
8 100.31414023300259 6.68451843275194 745.0330887895362
8 1011.49927 584.3178 0
9 129.96651670752468 6.779999108498644 740.4151796217536
9 1109.968 584.76306 0
10 159.6430725739638 6.885233724063587 735.8362163772688
10 1209.7242 585.2446 0
11 189.326661462295 6.975814591826057 731.3140959406558
11 1310.7045 585.6822 0
12 41.553099631255236 -23.366312053717213 757.6754383209587
12 819.3184 488.4561 0
13 71.23935915837214 -23.27487917527218 752.9894545598899
13 915.08453 488.28635 0
14 100.90188162374649 -23.16157316233331 748.2858046335973
14 1011.9813 488.1831 0
15 130.58964304041373 -23.08354132752489 743.6288315855687
15 1110.1592 487.96902 0
16 160.2672573116698 -22.987819443318372 739.1373693166254
16 1209.4244 487.82666 0
17 189.98210928893053 -22.89586110637365 734.5727942362694
17 1310.0875 487.66275 0
18 42.13148368106287 -53.26882636121284 761.0863798859676
18 820.55664 394.18488 0
19 71.80607686563741 -53.15404225763819 756.2694943558465
19 915.901 393.47693 0
20 101.49958070407689 -53.06611823182523 751.6076924020167
20 1012.4612 392.70892 0
21 131.19681178026926 -52.96140738540151 746.9394683574263
21 1110.2423 391.98398 0
22 160.8657281903855 -52.88672859395231 742.3844334688592
22 1209.0819 391.17865 0
23 190.58605748515492 -52.79357654037641 737.8283981339441
23 1309.3105 390.42343 0
