0 -40.437485468879906 4.436666847871549 793.8559804399595
0 564.57135 576.1711 0
1 -10.739647376589238 8.147743592608181 791.275445282262
1 654.5568 587.50793 0
2 18.974495486724265 11.825031275301493 788.6553455018637
2 745.18384 598.8176 0
3 48.68727626765014 15.547287812116382 785.955956659112
3 836.4259 610.3453 0
4 78.38100141672167 19.249684008342687 783.3353445964938
4 928.21405 621.8854 0
5 108.05451488489219 22.95545261555674 780.6829189165314
5 1020.56964 633.51624 0
6 -36.91203202802825 -25.332473876354136 792.1114430227691
6 575.0196 485.70755 0
7 -7.187224241689994 -21.6333354705404 789.4892384584448
7 665.31915 496.7339 0
8 22.52014696157788 -17.93045219893813 786.8260634941076
8 756.1708 507.84232 0
9 52.2212860103209 -14.211955525463818 784.1160363985348
9 847.62994 519.07153 0
10 81.93655478358379 -10.504263017954594 781.5575599193076
10 939.7181 530.3516 0
11 111.6177152928797 -6.812236407184375 778.8916152485659
11 1032.3533 541.6545 0
12 -33.35687832984115 -55.12603388456408 790.2452346086461
12 585.5888 394.74442 0
13 -3.638330025497568 -51.416490036824996 787.6514713057292
13 676.1188 405.53152 0
14 26.072291295548762 -47.69362524036444 785.0383018034252
14 767.2246 416.42715 0
15 55.77096604310825 -44.00334251131623 782.3575745851234
15 858.91705 427.2836 0
16 85.4775055812876 -40.25724612207633 779.7171358994768
16 951.2507 438.3935 0
17 115.18712876378521 -36.550988892033104 777.1003817772461
17 1044.2104 449.4589 0
18 -29.81897204116503 -84.90190510474856 788.4172640786336
18 596.1598 303.41724 0
19 -0.12187101532653791 -81.20205323941937 785.8136296604326
19 686.8695 313.89517 0
20 29.621634673570938 -77.50044266258692 783.2204361720925
20 778.3238 324.45135 0
21 59.31383391041127 -73.76729066103648 780.5113399704898
21 870.2546 335.14117 0
22 89.02536082625109 -70.09312318590352 777.8726318823474
22 962.86066 345.7425 0
23 118.7292153797739 -66.36536105101436 775.2646190183077
23 1056.0587 356.5906 0
