0 -70.44178205883382 -4.237537698071672 783.4864937946792
0 470.7217 549.6908 0
1 -40.47862985086321 -3.0573060771919547 785.5989557125723
1 563.1559 553.34326 0
2 -10.566143586020909 -1.9029757087172108 787.8203025142545
2 654.94385 556.89777 0
3 19.399334605591392 -0.7266330258014495 789.9175885704822
3 746.3865 560.499 0
4 49.32373505203081 0.46767790036907336 791.9307631702586
4 837.23584 564.136 0
5 79.27570411310712 1.6204916242961052 794.0901743203414
5 927.6638 567.62775 0
6 -69.09294837635396 -34.13895918077217 781.1352765535562
6 474.22845 457.4791 0
7 -39.156971689929215 -32.97459600535267 783.210921425186
7 566.84143 461.33768 0
8 -9.200891420767334 -31.787781910545647 785.4160741232638
8 659.0311 465.26077 0
9 20.72452713547248 -30.628872042509112 787.4772967566178
9 750.62244 469.05948 0
10 50.691410256072004 -29.455106106651222 789.618272980351
10 841.8464 472.89273 0
11 80.64713961377225 -28.286765900361637 791.7665520406326
11 932.5408 476.68954 0
12 -67.75332572077788 -64.06422389951273 778.6821508179805
12 477.70047 364.61096 0
13 -37.808799264729736 -62.890537749778474 780.8269010069627
13 570.6319 368.77448 0
14 -7.83609061797121 -61.71685743605677 782.975178508841
14 663.141 372.91602 0
15 22.103689390797662 -60.54650279127234 785.0942805056175
15 755.04535 377.0178 0
16 52.06361073106515 -59.35184951722842 787.1741076138835
16 846.5245 381.16275 0
17 82.01888711891586 -58.168077769572356 789.3556955933884
17 937.47504 385.27554 0
18 -66.41003164069933 -93.9817542180587 776.2599136121377
18 481.21402 271.19144 0
19 -36.46170220570212 -92.82231951739726 778.4058666438052
19 574.4369 275.58167 0
20 -6.493345007181814 -91.66834160942796 780.5384779833322
20 667.2086 279.9261 0
21 23.45035447313632 -90.47173793316477 782.6715749174534
21 759.39886 284.37814 0
22 53.41386681898293 -89.31857407581244 784.8006796921901
22 851.1496 288.67133 0
23 83.37456076606233 -88.12343074006913 786.9403974454802
23 942.3918 293.07336 0
