0 -73.84294605924536 47.01098656760178 803.73076285145
0 465.98438 703.5535 0
1 -44.61114570631007 43.07991366948619 809.4693974155441
1 554.52045 690.8615 0
2 -15.397483560714088 39.15528729968414 815.0783973882686
2 641.7492 678.3856 0
3 13.85648052362475 35.24112151304841 820.7372322917577
3 727.9014 666.1047 0
4 43.1015905531777 31.33360036105284 826.4495673013193
4 812.83984 654.0054 0
5 72.3544497713612 27.385987327353693 832.0432706422461
5 896.6644 641.96747 0
6 -77.8148924268449 17.251614558957044 803.7350705526509
6 454.08432 614.3976 0
7 -48.600311007372625 13.321726766955498 809.3658525974785
7 542.6338 602.3465 0
8 -19.338850980679073 9.396452979310116 815.0783968271093
8 630.10394 590.4728 0
9 9.900995789985757 5.456338839229848 820.7834755723941
9 716.2934 578.72095 0
10 39.16821274030415 1.5429756316225995 826.343343314109
10 801.39276 567.2101 0
11 68.42713621193717 -2.386988351919544 831.928073342802
11 885.3247 555.80524 0
12 -81.79752615950558 -12.5352630927041 803.6289211535874
12 442.11868 525.155 0
13 -52.56629740853496 -16.45072174408636 809.3635876159836
13 530.83264 513.7725 0
14 -23.312011095030066 -20.38741809482527 815.04520186462
14 618.36194 502.48352 0
15 5.9289401679918505 -24.31185302766735 820.7660060452557
15 704.6394 491.3902 0
16 35.19543366347521 -28.229707697445207 826.2996425702613
16 789.8201 480.451 0
17 64.46168031560893 -32.16484093952229 832.0181160212466
17 873.8254 469.628 0
18 -85.78719811924617 -42.323733366591114 803.6703221142046
18 430.176 435.9074 0
19 -56.52745108398385 -46.23786380272616 809.2583892990518
19 519.0244 425.13684 0
20 -27.294421077223166 -50.17736729902613 814.9598800893662
20 606.5865 414.45966 0
21 1.9750399494826962 -54.12608788390078 820.6679580102731
21 693.03876 403.90506 0
22 31.238236251219924 -58.05837392462275 826.2626027875167
22 778.29095 393.52094 0
23 60.508976372256555 -61.9623779334791 831.7830198530601
23 862.4339 383.34235 0
