0 7.3496660526028235 58.40106397746366 833.41564046632
0 708.4807 731.445 0
1 36.29603264263363 50.54446954452973 831.5995990837736
1 792.35364 709.0648 0
2 65.2452021430952 42.68139207003909 829.9262024586875
2 876.5693 686.5466 0
3 94.16629874627236 34.829986838643784 828.159037926976
3 961.0746 663.9827 0
4 123.1277708864013 26.977069294044558 826.4751236078308
4 1046.0228 641.31006 0
5 152.09894367927131 19.109956255889973 824.9412163066459
5 1131.2655 618.4932 0
6 -0.5826549953088048 29.43866906428209 832.4980876335284
6 685.5575 647.86127 0
7 28.366932192855394 21.605502284664503 830.7571284500124
7 769.47485 625.3359 0
8 57.32858326146938 13.734190785034071 829.0373921563155
8 853.77545 602.60406 0
9 86.2718787105181 5.871073812352751 827.3099484172304
9 938.3754 579.80176 0
10 115.21920589503583 -1.9928407098642789 825.5783312295536
10 1023.3429 556.9017 0
11 144.18058868314696 -9.849195677697333 823.9641547846267
11 1108.6486 533.9315 0
12 -8.51305098790315 0.49787000324453 831.5979622514801
12 662.5898 564.1556 0
13 20.432080250798347 -7.359536362555724 829.9133946366053
13 746.533 541.36127 0
14 49.38883300775397 -15.213824592208926 828.0958989519136
14 830.8746 518.4762 0
15 78.3672402440582 -23.08384524468173 826.3954747001276
15 915.6179 495.45413 0
16 107.32147381416806 -30.926354545510776 824.6977828491513
16 1000.6391 472.41776 0
17 136.2946240077344 -38.80032515253782 823.0428967401866
17 1086.0457 449.2002 0
18 -16.44621960768165 -28.46950752526212 830.753352495831
18 639.56744 480.19696 0
19 12.516740600391149 -36.32437987718623 829.0008673607354
19 723.6042 457.20755 0
20 41.46522591823799 -44.21299025987358 827.2647840473754
20 807.95245 434.0251 0
21 70.43184335226277 -52.06671013670457 825.5108383059807
21 892.7128 410.8436 0
22 99.38184653828017 -59.937755123705635 823.816756226588
22 977.76447 387.52548 0
23 128.3743411817837 -67.78417688743743 822.1169651773599
23 1063.2937 364.182 0
