0 -7.299789229134274 86.81291809853387 779.1983380567893
0 664.6817 830.984 0
1 21.098505385335418 77.6181398777568 776.2784797699279
1 752.69696 803.4724 0
2 49.518052245536964 68.36547829583628 773.168974863911
2 841.48083 775.62506 0
3 77.93256692392235 59.13083577274754 770.1116974392564
3 930.94946 747.5966 0
4 106.36980913082499 49.93628659282969 767.1145806459787
4 1021.17645 719.4583 0
5 134.78510648149293 40.69479203362684 764.1933804775623
5 1111.9999 690.9386 0
6 -16.141643386018156 58.41186136581999 783.221776359952
6 637.61066 742.29156 0
7 12.30284651120706 49.189119543738336 780.2827192485078
7 725.2143 714.5074 0
8 40.71167248463899 39.93697544474484 777.1793792744699
8 813.39655 686.4482 0
9 69.13284570092277 30.731788809876214 774.1309289470981
9 902.309 658.3033 0
10 97.53865065480848 21.500806567023705 771.1274324784958
10 991.85876 629.8514 0
11 125.98455418677973 12.274414066194735 768.0888815234456
11 1082.2526 601.1931 0
12 -24.97202562944359 29.96291155604299 787.3077643475733
12 610.8575 654.3519 0
13 3.4594513618963054 20.742957813250023 784.3242269807474
13 697.8652 626.39514 0
14 31.88467699246115 11.511488309861376 781.173345063235
14 785.5391 598.19696 0
15 60.31789064365252 2.267515873279035 778.1236909099348
15 873.92365 569.7308 0
16 88.74028637687528 -6.924448436479571 775.1114059112168
16 962.9568 541.2032 0
17 117.16452834881908 -16.154976059803907 772.1341339515036
17 1052.6738 512.335 0
18 -33.79945998993291 1.522001867962283 791.3166790669303
18 584.3795 567.3453 0
19 -5.396043679029169 -7.693522848295777 788.1859411974427
19 670.75574 539.2105 0
20 23.03217419913271 -16.96072412611651 785.2144982794117
20 757.8826 510.7034 0
21 51.462633952649036 -26.153225427741205 782.2249864262379
21 845.682 482.2078 0
22 79.93748389233528 -35.40440683083652 779.1833573992463
22 934.3088 453.3049 0
23 108.3628758831314 -44.63581282078665 776.1168892133118
23 1023.4875 424.2324 0
