0 -112.30998734827477 20.462815400342308 847.6701426201919
0 368.16763 620.8405 0
1 -82.42485049163697 23.72198656597003 847.9924987580295
1 453.16104 630.0729 0
2 -52.603499329476435 26.960211839652512 848.3608360025675
2 537.9169 639.2346 0
3 -22.742667449546424 30.22381675459058 848.7439224085751
3 622.7123 648.4589 0
4 7.158731928918678 33.48331488126547 848.9904795431463
4 707.5495 657.6785 0
5 37.04115059886668 36.73584389023963 849.1482395221896
5 792.2946 666.8839 0
6 -109.06221643246859 -9.22193766562251 844.6222673531954
6 376.27652 536.4237 0
7 -79.20519703866933 -5.969112072495083 844.9930735022016
7 461.50623 545.70447 0
8 -49.32596685421256 -2.71886850653326 845.3098508791248
8 546.71545 554.96924 0
9 -19.45948054077081 0.5456554466235735 845.5433563424815
9 631.8191 564.2679 0
10 10.431168132195348 3.792785696227275 845.8990668502244
10 716.94025 573.5103 0
11 40.30367873744079 7.039694708617497 846.1552153641128
11 801.9517 582.7467 0
12 -105.8284491513423 -38.910038870303715 841.6020809741863
12 384.41403 451.38953 0
13 -75.92642905630105 -35.68650237454325 841.9088656611087
13 470.05807 460.6495 0
14 -46.055071690696295 -32.41740982082333 842.1868684312732
14 555.54755 470.02982 0
15 -16.182905598328674 -29.14776074565826 842.499356200506
15 640.9848 479.40894 0
16 13.708660300856971 -25.903860598764865 842.784541553737
16 726.4154 488.70514 0
17 43.56607275157478 -22.64325179759532 843.0563397573347
17 811.6926 498.04175 0
18 -102.585856282055 -68.63629982756088 838.4519434255559
18 392.58984 365.60272 0
19 -72.69714367416654 -65.37916927420764 838.8475273722046
19 478.53644 375.04517 0
20 -42.80755566362892 -62.135185531983424 839.167361287951
20 564.39343 384.4249 0
21 -12.918668025904163 -58.87674863108256 839.460613703257
21 650.1818 393.8336 0
22 16.970754389142108 -55.63333944376146 839.7037943558677
22 735.91473 403.1831 0
23 46.84431635753719 -52.3647017845846 839.9166710315322
23 821.5574 412.59412 0
