0 40.425300465521104 98.00877208836758 818.8925099670911
0 806.1283 850.90063 0
1 69.8071376469334 102.60661494180953 822.8056169367441
1 891.55994 862.98535 0
2 99.22111151057231 107.22371696041671 826.9452618871325
2 976.19727 874.9262 0
3 128.64038877060128 111.85267253346827 830.9596597904501
3 1060.063 886.8313 0
4 158.08754596736478 116.50120490285616 835.0537647993009
4 1143.1592 898.6463 0
5 187.52291511047443 121.1240387303842 839.1527265198935
5 1225.4076 910.27026 0
6 44.84506363311665 68.38431987262831 820.536006409702
6 818.86206 763.38965 0
7 74.25768586782019 72.96927175851908 824.5312086070425
7 904.1313 775.80676 0
8 103.69483225525165 77.60680581447907 828.6229929489213
8 988.6143 788.23065 0
9 133.07008813240287 82.19243994615529 832.4947326017489
9 1072.1898 800.4452 0
10 162.5244520637594 86.84073192620728 836.768020418384
10 1154.9948 812.60706 0
11 191.97076693888985 91.45819520768889 840.7924154482707
11 1237.0979 824.6346 0
12 49.29386017356532 38.73076442530599 822.308549109635
12 831.6073 676.1255 0
13 78.70448317712733 43.31145671618545 826.1791092486637
13 916.66077 688.9445 0
14 108.11749693818659 47.93746183141847 830.2274594620318
14 1000.8608 701.74567 0
15 137.54964860302903 52.55820006481795 834.2387056349069
15 1084.3165 714.4141 0
16 166.94440300006636 57.176158384684896 838.2835062089139
16 1166.8469 726.9468 0
17 196.43259049996794 61.82932400915724 842.5622212242438
17 1248.6959 739.41064 0
18 53.756052503922234 9.073163596501841 824.033413777718
18 844.34595 589.22644 0
19 83.15010902658638 13.68053608853118 828.0386328384143
19 929.07513 602.49615 0
20 112.58188626581472 18.286678384536362 831.9071885549797
20 1013.1513 615.64325 0
21 142.00376267131736 22.90100511893117 835.9746978466148
21 1096.3232 628.6765 0
22 171.39332464644548 27.51647017912233 840.0464676987838
22 1178.5946 641.5864 0
23 200.87872879142841 32.139968562460254 844.1153537852313
23 1260.3477 654.395 0
