0 -144.11204776610998 91.94723115005134 849.6311014189084
0 278.76218 823.2958 0
1 -114.10945212871692 93.31382541185489 850.3957352854472
1 364.09436 826.93097 0
2 -84.12553167751325 94.71103668156069 851.197612539131
2 449.2308 830.6345 0
3 -54.11498357861411 96.1010893771827 851.7732953093446
3 534.24164 834.383 0
4 -24.09939401745378 97.52037702125398 852.4808383896153
4 619.1624 838.1664 0
5 5.899316666317834 98.84235250863009 853.0656678792881
5 703.8971 841.709 0
6 -142.70319295139078 62.10230477745529 846.8616857657956
6 281.43277 739.28973 0
7 -112.67763712222556 63.446192617867524 847.4909632969702
7 367.05545 742.97687 0
8 -82.67703283641175 64.84386709697394 848.2088992839771
8 452.50476 746.792 0
9 -52.65142474964628 66.27659714487045 849.066424553953
9 537.905 750.6692 0
10 -22.674343282955896 67.64436171957506 849.751371893535
10 622.9824 754.39343 0
11 7.333819784704008 69.02448850835732 850.3606785394
11 708.01263 758.16406 0
12 -141.25826813666907 32.24984099288255 844.0302506709402
12 284.19418 654.7177 0
13 -111.26133946025489 33.629146452455295 844.8289727160276
13 370.08383 658.56195 0
14 -81.2554778280349 35.02260052477752 845.4885425826287
14 455.79858 662.4556 0
15 -51.229439852608934 36.398516665781294 846.1629996484737
15 541.4397 666.2915 0
16 -21.24347763990834 37.815910176766856 846.8197472338953
16 626.82916 670.24146 0
17 8.786018568307739 39.20088646470273 847.5148786019186
17 712.20886 674.08813 0
18 -139.88743617278033 2.388994207607358 841.3785664838553
18 286.84763 569.5509 0
19 -109.84870376552676 3.7751836735488404 841.9590356162049
19 373.0433 573.5105 0
20 -79.81812030403205 5.1717541355387056 842.6532439546714
20 459.12772 577.4923 0
21 -49.81178682583385 6.567228758958184 843.2523020230982
21 544.9851 581.46655 0
22 -19.804750122463624 7.938359510955777 843.9797394024237
22 630.7312 585.36224 0
23 10.20790312668737 9.31901877812996 844.6180696808309
23 716.3487 589.2812 0
