0 -148.34111495276787 42.36547052459622 860.0969190272218
0 271.89136 681.3183 0
1 -118.5604694579275 45.02669451015542 863.0981784091972
1 356.43082 688.3302 0
2 -88.79438211373856 47.70869936909851 866.1816938729345
2 440.36734 695.3387 0
3 -59.00928852345032 50.35091405278453 868.9665132001531
3 523.70483 702.23517 0
4 -29.228826448898886 53.028282181087754 872.1038218763263
4 606.5297 709.1255 0
5 0.5551440062147319 55.714180098362135 875.1986669476325
5 688.77057 715.9973 0
6 -145.104752057246 13.091468830717389 854.1307738811751
6 278.11514 599.62024 0
7 -115.33235867696614 15.76261213545954 857.2137074661975
7 363.22894 606.99066 0
8 -85.54135904649037 18.450697662656516 860.2615028973364
8 447.77502 614.3578 0
9 -55.76012553286149 21.09535910331841 863.1466891182519
9 531.6676 621.56287 0
10 -26.000776495475787 23.767576209875266 866.2412582162206
10 614.9578 628.7806 0
11 3.7808352260552223 26.472359156420445 869.356775336824
11 697.7165 636.03534 0
12 -141.9269563141404 -16.169928780977457 848.3223444607743
12 284.3351 516.81714 0
13 -112.11798501969143 -13.500733037194891 851.3685468831293
13 370.09683 524.5305 0
14 -82.31784333692755 -10.819872843123578 854.2720405472536
14 455.18338 532.2167 0
15 -52.530890596749174 -8.154466814627746 857.3066203864938
15 539.679 539.81085 0
16 -22.75486115043823 -5.430663709826104 860.334074916223
16 623.5475 547.5148 0
17 7.018875038599247 -2.781823648159886 863.3248688317436
17 706.8222 554.95526 0
18 -138.70605223202548 -45.462119209350426 842.4580184616159
18 290.73776 432.7757 0
19 -108.89982850712805 -42.76379828351124 845.3915845900956
19 377.0221 440.91208 0
20 -79.10946704382614 -40.08631538247248 848.3954750344715
20 462.68326 448.94247 0
21 -49.338728697853234 -37.43189540020673 851.4298292934695
21 547.68945 456.85477 0
22 -19.513786995827797 -34.75695586470377 854.458764042671
22 632.2443 464.76807 0
23 10.266704136960144 -32.0548951034871 857.3436232253914
23 716.08185 472.6865 0
