0 -63.1166356748973 109.21121989671163 816.4918810592022
0 501.07983 884.78467 0
1 -33.585939879269326 106.75096983287816 821.1768582059212
1 588.7461 875.73315 0
2 -4.030087029407851 104.29686801069863 826.0469114143002
2 675.4937 866.73413 0
3 25.52881217581614 101.8757788048202 830.8219265570531
3 761.24176 857.97003 0
4 55.10068933250369 99.41471665891832 835.4817505396815
4 846.0691 849.2304 0
5 84.66114880588165 96.93704582589308 840.1281934769356
5 929.9266 840.54456 0
6 -65.49090362272912 79.28729087336492 815.847152024898
6 493.92426 796.7219 0
7 -35.9479140688897 76.85790874952859 820.538709062724
7 581.7372 788.2549 0
8 -6.374745488458289 74.39293356959482 825.3678374213704
8 668.6428 779.7441 0
9 23.18514589940648 71.95836138019911 830.133835726069
9 754.504 771.43634 0
10 52.75878497439438 69.49107404402422 834.7384446288074
10 839.45404 763.16785 0
11 82.31576424896123 67.01390750545464 839.3825036924425
11 923.4131 754.9527 0
12 -67.83657302509994 49.367990528509345 815.0720304714893
12 486.80978 708.5569 0
13 -38.3118504822505 46.923635550898005 819.8704041860207
13 574.70746 700.5245 0
14 -8.731784508500914 44.47347191685084 824.6476920392707
14 661.7432 692.5719 0
15 20.844660656516417 42.004976489356835 829.3697702256381
15 747.7699 684.66583 0
16 50.39982771729664 39.56688718828964 833.9580745294171
16 832.7844 676.9554 0
17 79.97093417377089 37.135126036871284 838.751464752077
17 916.8582 669.3214 0
18 -70.21647524849419 19.45373521165517 814.4242939145399
18 479.613 620.2299 0
19 -40.66669804853816 16.99130253135276 819.1632704656416
19 567.6873 612.659 0
20 -11.100815661581672 14.540907417825398 823.94288365447
20 654.7971 605.20825 0
21 18.472785498672067 12.089369492782772 828.6601448030323
21 740.9286 597.8428 0
22 48.07562364881537 9.61453489269847 833.2425232780936
22 826.19196 590.49786 0
23 77.64610483099698 7.188542603436322 838.013563530921
23 910.3794 583.369 0
