0 -2.355898448420206 70.66905014449041 824.1139031533826
0 680.3585 769.1939 0
1 25.444075901908224 59.371117908423585 824.5846918611855
1 761.554 736.0847 0
2 53.283319643664875 48.04723692611048 824.9715654976686
2 842.7873 702.95184 0
3 81.11501714556091 36.74701103435709 825.5697511538136
3 923.8618 669.8916 0
4 108.94424794016052 25.44784030284206 825.9305651738038
4 1004.903 636.9036 0
5 136.79291128831846 14.15003075292283 826.4675442856571
5 1085.8451 603.93964 0
6 -13.600012636888287 42.93989406399627 821.7436213971264
6 647.386 688.5371 0
7 14.222820158794624 31.638653121281894 822.1689696719665
7 728.9037 655.3741 0
8 42.07239604429369 20.330528070247272 822.5949509554514
8 810.4153 622.22516 0
9 69.88185858306801 9.023521263810274 823.0586332658314
9 891.71576 589.1126 0
10 97.72004643164728 -2.291864479412555 823.5183235899515
10 973.0101 556.0128 0
11 125.58319624376698 -13.616044826624504 824.0196943909258
11 1054.2681 522.9263 0
12 -24.83129056364234 15.192592786643738 819.3249497907101
12 614.2561 607.363 0
13 2.9934232024214107 3.881406605346642 819.817584923584
13 696.0363 574.1141 0
14 30.816420511400313 -7.4172466804305675 820.2250622087711
14 777.72266 540.93964 0
15 58.67017924157583 -18.736808280165338 820.5795825659368
15 859.42926 507.73325 0
16 86.51167707471417 -30.030934535888736 821.0651172637458
16 940.98883 474.6442 0
17 114.36225368428302 -41.34189828399282 821.5917218934391
17 1022.46185 441.55096 0
18 -36.0856076694668 -12.567989853693845 816.9100325824683
18 580.8626 525.6692 0
19 -8.256844104099084 -23.860758968365335 817.3723958642627
19 662.9156 492.42294 0
20 19.580934255547007 -35.18267769493135 817.8155908510503
20 744.9037 459.12604 0
21 47.39960762658756 -46.50449236584099 818.1945685769056
21 826.7577 425.85477 0
22 75.26947107530506 -57.82163725975177 818.6975819403305
22 908.65295 392.6538 0
23 103.13763551548178 -69.1454111238273 819.175924494585
23 990.4518 359.46802 0
