0 -48.96963497210368 71.28727967628788 843.3751281258604
0 547.4106 766.24335 0
1 -22.387876330026373 57.88688340229409 847.1000762707185
1 623.5957 727.2577 0
2 4.273871246510013 44.43828037108735 850.6832650281416
2 699.34216 688.4979 0
3 30.916493840141083 31.014382033770417 854.3536553376848
3 774.3904 650.124 0
4 57.57013695837031 17.604375446025298 857.96541720718
4 848.8385 612.1208 0
5 84.21936045863382 4.168889101323985 861.5979683151307
5 922.6444 574.3647 0
6 -62.39494673597346 44.39734775192154 842.3069099125721
6 508.84875 689.6318 0
7 -35.76459965344743 30.974778669374324 845.9908901768821
7 585.4332 650.87537 0
8 -9.111735967354317 17.564607821063902 849.5685424366225
8 661.4142 612.4964 0
9 17.51405312373237 4.146349509359608 853.2875085616416
9 736.6733 574.41455 0
10 44.18029684202979 -9.297777128571315 856.897778944021
10 811.4086 536.5872 0
11 70.83844045479366 -22.706450923348815 860.4325752453512
11 885.5116 499.17093 0
12 -75.7615027170757 17.556845891436453 841.2400404856813
12 470.35754 612.96704 0
13 -49.13610786139174 4.1246328001492705 844.8563564353739
13 547.1812 574.4694 0
14 -22.492465876848566 -9.298678673049427 848.504958570097
14 623.40424 536.32623 0
15 4.133981074827269 -22.744571915442894 852.13448750476
15 698.9262 498.44443 0
16 30.78214398849712 -36.1643316100827 855.7196194049695
16 773.87317 460.9522 0
17 57.452947947409584 -49.6092684286292 859.3088013326008
17 848.25745 423.70294 0
18 -89.18312727823731 -9.314052143595184 840.2082311706064
18 431.6214 536.0216 0
19 -62.55735347613899 -22.767528251395692 843.8384839670499
19 508.70905 497.74707 0
20 -35.903520892264275 -36.205256834608434 847.4890885243045
20 585.21844 459.84766 0
21 -9.248557027137215 -49.61585968028477 850.9760094118952
21 661.0697 422.3231 0
22 17.403336578382493 -63.070579030160474 854.5781339998708
22 736.2866 385.00443 0
23 44.042014297480755 -76.49966892726704 858.189161916072
23 810.83374 348.07318 0
