0 -36.831536236363505 80.91260385596266 809.2095976908761
0 577.6304 803.47766 0
1 -13.083753850029472 63.864323682267326 816.0003839005246
1 648.6291 751.1673 0
2 10.681498964363838 46.809412915083115 823.0281347923532
2 718.498 699.66156 0
3 34.45264778750778 29.75191924729304 829.9506245420228
3 787.21356 649.03143 0
4 58.23218521435533 12.713897403697187 836.8316645610439
4 854.82477 599.29675 0
5 82.00234434609855 -4.376527975359428 843.5518352779931
5 921.351 550.2214 0
6 -54.017331106183256 56.33434287497886 807.7585564148571
6 526.19574 730.6437 0
7 -30.286879728117594 39.29211603616904 814.7102707792633
7 597.7162 678.8423 0
8 -6.500869966427141 22.209915754261342 821.6226269480139
8 668.18835 627.8034 0
9 17.257021441728938 5.164040320236393 828.442569470033
9 737.4085 577.7234 0
10 41.031571918776976 -11.901955299966941 835.4517271259677
10 805.51953 528.41095 0
11 64.8125652468457 -28.977011291873644 842.2253146438807
11 872.56744 479.87 0
12 -71.21569435638693 31.75701702227426 806.2222929045777
12 474.51596 657.56036 0
13 -47.47912036499793 14.71982445591774 813.1765282554918
13 546.6319 606.30066 0
14 -23.712697951919676 -2.3550207179297376 820.1416641927382
14 617.6134 555.7998 0
15 0.06388438864901469 -19.427401689816776 827.0770360236669
15 687.429 506.15463 0
16 23.84812093023188 -36.48614234237965 833.981516985903
16 756.10815 457.3706 0
17 47.634568674485045 -53.580461517877 841.0711987453865
17 823.63574 409.3196 0
18 -88.44308778125499 7.196610192623976 804.8262369618151
18 422.59808 584.2449 0
19 -64.67383495800716 -9.867471299246793 811.7208731479094
19 495.36566 533.4432 0
20 -40.93825566201747 -26.936856366388092 818.6244755662842
20 566.80975 483.48248 0
21 -17.13936785856323 -44.020001879836954 825.6336529639408
21 637.25 434.33368 0
22 6.639259269830066 -61.105291280218026 832.4830555977762
22 706.4494 385.97223 0
23 30.413100256037797 -78.18663175489253 839.4356636090545
23 774.49493 338.439 0
