0 -58.54650330087781 132.14569910249006 844.6221141882656
0 520.3107 939.4407 0
1 -28.87918461502045 127.92279903185421 846.4321011763261
1 605.07654 926.622 0
2 0.7982138954099792 123.73447691622934 848.4475335988463
2 689.50867 913.87115 0
3 30.477962980426955 119.5294370597503 850.2083724838452
3 773.5731 901.23474 0
4 60.155918511041826 115.34604718241974 852.135821726582
4 857.2518 888.648 0
5 89.84503168757115 111.1546201646847 854.117259728737
5 940.5682 876.0756 0
6 -62.591268576725795 102.48146442750505 842.2699802682205
6 508.2796 855.6885 0
7 -32.91542920848927 98.26751507937793 844.2000916867637
7 593.3451 842.9993 0
8 -3.242824294358097 94.08928808483918 846.1819032803155
8 678.01385 830.45337 0
9 26.44230716349308 89.8766275522457 847.967967458697
9 762.33984 817.9272 0
10 56.12964928396681 85.69382724435823 849.9796469917544
10 846.2754 805.4738 0
11 85.81982592106915 81.50353304577752 851.9345574604775
11 929.83875 793.0734 0
12 -66.64417644738552 72.82477140436342 840.0734904202036
12 496.19315 771.45013 0
13 -36.96875710125705 68.63210381058707 841.9717914718071
13 581.50305 758.98926 0
14 -7.2793317346802615 64.44704789142321 843.9147304215637
14 666.4702 746.59644 0
15 22.40377475142097 60.241617576737305 845.7621033564135
15 751.03625 734.2219 0
16 52.10407387267737 56.0376744617284 847.6614711671306
16 835.27344 721.8958 0
17 81.79774222868559 51.840325548287495 849.5880912338152
17 919.1077 709.6388 0
18 -70.72325335587483 43.15093036753514 837.786460689383
18 483.94614 686.73425 0
19 -41.04484724646524 38.96937348023501 839.7644820661045
19 569.5358 674.4522 0
20 -11.359800543673135 34.774958635506266 841.6315383593095
20 654.738 662.2042 0
21 18.348684509854255 30.57615977064542 843.5365314141131
21 739.6275 649.994 0
22 48.0596014314153 26.342363288463023 845.3166698157092
22 824.1616 637.75024 0
23 77.75569476119671 22.154595824656585 847.2000754245034
23 908.27136 625.6811 0
