0 -64.99466571335864 103.3800298174102 783.3191848351318
0 487.42218 880.4992 0
1 -35.17893370230334 100.63171177340644 785.4830228033767
1 579.38617 871.19885 0
2 -5.381593185657375 97.88387759728052 787.719879340593
2 670.79016 861.92334 0
3 24.4382087144841 95.13433978907796 789.8595734191184
3 761.75415 852.73083 0
4 54.26517867272747 92.40977321741109 792.0327593063391
4 852.24146 843.65204 0
5 84.10288999212706 89.67608872757616 794.2860274752446
5 942.2404 834.5679 0
6 -67.5974940841559 73.53750220921779 781.4441141535159
6 478.92133 789.3071 0
7 -37.77703290079309 70.79611902338284 783.6321956685118
7 571.147 780.2509 0
8 -7.966783055427986 68.07044596003806 785.8605200742966
8 662.829 771.2826 0
9 21.869379844507144 65.31862909990213 788.0599716454175
9 754.07416 762.2924 0
10 51.68064216080115 62.591943775559415 790.1945579671243
10 844.7485 753.4445 0
11 81.5115759985756 59.82309586076963 792.3285513736029
11 934.9942 744.5163 0
12 -70.19467038242688 43.68509236060697 779.5233905733968
12 470.38434 697.65375 0
13 -40.38496323376791 40.943551600121026 781.7711466544653
13 562.83685 688.8217 0
14 -10.574123289188497 38.2284323018417 784.0092090388786
14 654.7623 680.1229 0
15 19.274977365603746 35.4833062655061 786.1389840397808
15 746.2898 671.3967 0
16 49.11240403565083 32.73645619654358 788.2265568928015
16 837.29504 662.7178 0
17 78.94785397777157 30.02648856876414 790.5057355706937
17 927.7552 654.17487 0
18 -72.82395083486468 13.839338304119064 777.7426297411808
18 461.74634 605.5605 0
19 -43.00008014034591 11.088484941636201 779.9303055819009
19 554.4683 596.9476 0
20 -13.157120731347161 8.361205127381934 782.137449336323
20 646.7314 588.4548 0
21 16.662914094691086 5.637793937288527 784.3326890802928
21 738.4056 580.0219 0
22 46.51338874879406 2.8779738916637 786.3974262229187
22 829.6849 571.5261 0
23 76.33992310382814 0.16384161357219895 788.559252644201
23 920.3843 563.2143 0
