0 -57.826317554523584 -16.697010683115476 791.1826059793824
0 511.22763 511.89832 0
1 -28.44905776523786 -11.630843780897724 794.8080355481699
1 601.04297 527.47815 0
2 0.9283829872522592 -6.596517948673666 798.4319515831025
2 690.0432 542.82043 0
3 30.328461458993033 -1.5248014141929687 802.1132363906264
3 778.30066 558.13666 0
4 59.700741246849944 3.529150797750826 805.773176661088
4 865.67334 573.26013 0
5 89.1020881367806 8.577585966632888 809.4376672761923
5 952.3409 588.2303 0
6 -52.741501027015715 -46.32008712301963 791.2170236219972
6 526.7121 421.74957 0
7 -23.361637128119803 -41.2732563575368 794.8199125907723
7 616.4588 437.6778 0
8 6.048093118182806 -36.19874582710579 798.4721568319176
8 705.4845 453.5525 0
9 35.42043730183055 -31.158472172338186 802.1300898655345
9 793.5865 469.1805 0
10 64.81892023695768 -26.093509138726358 805.7706377782531
10 880.9709 484.73874 0
11 94.18761586791264 -21.026360108185024 809.4376236172411
11 967.47144 500.16556 0
12 -47.64232624763228 -75.94317863511496 791.2066738876663
12 542.2307 331.59555 0
13 -18.26320927507017 -70.87468179146124 794.8161246859981
13 631.90643 348.00006 0
14 11.133785609457691 -65.82711832968113 798.4842263516175
14 720.8228 364.2077 0
15 40.52940320592931 -60.761409302887124 802.1739828704029
15 808.9186 380.3265 0
16 69.9424455298823 -55.70782787668064 805.7907736292378
16 896.2786 396.2464 0
17 99.33414178599082 -50.64111740723603 809.5210776870086
17 982.753 412.0842 0
18 -42.575534964024776 -105.5691792450976 791.219915023193
18 557.655 241.4399 0
19 -13.148568234817036 -100.51206059654541 794.826605699547
19 647.40405 258.21802 0
20 16.252961448189723 -95.45880584074762 798.5519220943121
20 736.25824 274.87567 0
21 45.63732067853326 -90.3978487621926 802.1839054247033
21 824.25165 291.37018 0
22 75.03872639707684 -85.34698411245003 805.7735042827076
22 911.5146 307.67242 0
23 104.42634724471088 -80.27813128336999 809.4828586977947
23 997.9165 323.9189 0
