0 -83.3444823811809 15.475243244248775 760.7894815841059
0 423.4191 611.6929 0
1 -54.48568542560215 20.866481653747684 767.0969580439257
1 516.1887 628.213 0
2 -25.641065756078927 26.242040964918264 773.4809419932874
2 607.40894 644.4068 0
3 3.238343454987011 31.623537671740486 779.7759891998294
3 697.24426 660.3649 0
4 32.06609515257742 37.03410298063861 786.1159695491409
4 785.47687 676.15 0
5 60.92779552310518 42.39109189179607 792.4017391278315
5 872.4135 691.52856 0
6 -78.82793031139065 -13.899552296045485 765.2637519725412
6 439.175 518.9794 0
7 -49.95923537327039 -8.507529537968352 771.5955719594976
7 531.31366 536.1649 0
8 -21.120745229713517 -3.1391284407984466 777.963929344712
8 621.862 552.99805 0
9 7.749961010860607 2.264359203003158 784.2166411336387
9 711.04236 569.66656 0
10 36.59963596261314 7.641779088708216 790.5679093653056
10 798.7339 585.9891 0
11 65.48558019845922 13.045581014440863 797.1059685926929
11 885.0909 602.1219 0
12 -74.32501062367248 -43.28375404239174 769.7740549366565
12 454.71594 427.32062 0
13 -45.444223309856504 -37.89332336309596 776.0727974648619
13 546.2239 445.14413 0
14 -16.58191569660967 -32.51762340746777 782.4310960678207
14 636.2054 462.64294 0
15 12.261975623261835 -27.136543799145247 788.734493763742
15 724.6826 479.8703 0
16 41.12761012846772 -21.736642379388154 795.0347077985737
16 811.82324 496.88123 0
17 70.01005998065759 -16.334839680022803 801.3896000526358
17 897.6298 513.6337 0
18 -69.80837103472051 -72.70034996434903 774.2561220137073
18 470.1106 336.62073 0
19 -40.92716213737502 -67.29026647416089 780.4941493896199
19 560.9603 355.1183 0
20 -12.060206446369554 -61.91025127315498 786.8678513976806
20 650.3321 373.26315 0
21 16.8050119062733 -56.52567674159408 793.2043456449653
21 738.2648 391.12222 0
22 45.66650414332665 -51.16056085742741 799.5283228364705
22 824.7946 408.6372 0
23 74.55155568106436 -45.73892152322308 805.8515205136897
23 910.037 426.04605 0
