0 -26.06406687018865 107.03246569998485 848.1851083569251
0 613.2393 866.565 0
1 3.342511035772348 111.73056352451358 852.0584429565404
1 696.69025 878.4604 0
2 32.71788152004267 116.43007022882429 855.9300286942911
2 779.2983 890.25275 0
3 62.12575818574465 121.15602229662429 859.9599353749094
3 861.2214 901.9505 0
4 91.53629844567821 125.86230889388902 863.9339458446209
4 942.4042 913.507 0
5 120.93957863424878 130.55398742388005 867.873596785144
5 1022.8367 924.9315 0
6 -21.310347281844088 77.40744244284943 848.1426355773533
6 626.7335 782.4745 0
7 8.10066305324144 82.08929038871138 852.0894136246615
7 710.1378 794.6868 0
8 37.496560540626106 86.80522092098096 856.045542353175
8 792.7294 806.87976 0
9 66.90510312392944 91.49420370637137 859.9676373503371
9 874.6039 818.8952 0
10 96.30879071560966 96.19758113497039 863.9054329529836
10 955.71655 830.8368 0
11 125.70878860772875 100.89889260684623 867.8459856019064
11 1036.0818 842.6634 0
12 -16.543199439196144 47.76479221369384 848.2005858725043
12 640.27277 698.30945 0
13 12.86251551655986 52.45053819499727 852.0121366010005
13 723.5995 710.9453 0
14 42.26765463881804 57.153819649413855 855.9576334314928
14 806.16376 723.4928 0
15 71.6695456073049 61.85305181974228 859.917893280558
15 887.9578 735.9108 0
16 101.07764698996353 66.57537846713272 863.7145890977826
16 969.07263 748.3145 0
17 130.5185021662055 71.28524685208997 867.9066198990166
17 1049.4033 760.4849 0
18 -11.827665031128339 18.086287584649707 848.1908714899596
18 653.66095 614.0582 0
19 17.599304491462476 22.793105179449135 852.0051165081608
19 736.98865 627.1305 0
20 47.02415328298481 27.501871462827108 855.8974974528028
20 819.55554 640.08466 0
21 76.44183042753284 32.18571364125801 859.9498311081688
21 901.31494 652.83496 0
22 105.87704512542656 36.9026122712026 863.8841450951621
22 982.3966 665.57184 0
23 135.27109298756903 41.625369148945374 867.9185281163911
23 1062.5856 678.19617 0
