0 -147.85494892435932 -33.6817788187312 785.6788695952971
0 234.0402 459.4888 0
1 -120.9228031284018 -21.03915003013165 789.9521241269001
1 318.59726 498.5837 0
2 -93.9847726245082 -8.38007827496892 794.1822163485023
2 402.24677 537.3064 0
3 -67.05046889698502 4.246809344102957 798.4565236353965
3 485.00986 575.521 0
4 -40.15802884817606 16.89673862675844 802.6918900333858
4 566.76013 613.4002 0
5 -13.23694580634724 29.530599364798803 806.9487810346747
5 647.7388 650.8315 0
6 -135.47655552303505 -60.94978953782422 788.3906346106864
6 273.4106 376.5625 0
7 -108.54229392972562 -48.3123077318594 792.681989452675
7 357.4801 415.95844 0
8 -81.62191596063417 -35.66259613418418 796.9792995398493
8 440.60413 454.96786 0
9 -54.68498648743609 -23.012471023447713 801.1787131349673
9 522.8662 493.55167 0
10 -27.759140042178473 -10.34880499294588 805.4362985457556
10 604.2433 531.7758 0
11 -0.8663863990809625 2.2965314576711084 809.7539212033012
11 684.6663 569.54297 0
12 -123.1158688738349 -88.22247631520459 791.1026051112686
12 312.4573 294.19055 0
13 -96.17546333737607 -75.56505625885102 795.347806016118
13 396.0312 333.94366 0
14 -69.24372355177896 -62.90475794152257 799.6267365794771
14 478.70035 373.29132 0
15 -42.30808830898225 -50.254041833519175 803.8965395332124
15 560.4997 412.1897 0
16 -15.376145493822518 -37.60543164530642 808.1062706703012
16 641.4203 450.66245 0
17 11.54290080387243 -24.965092417434587 812.5086559118096
17 721.4558 488.72946 0
18 -110.73001144004286 -115.51612273219114 793.749976980377
18 351.28622 212.28934 0
19 -83.79901270898907 -102.85098895309763 798.0420885055173
19 434.36276 252.38779 0
20 -56.87127290254655 -90.18429349871225 802.2936194995289
20 516.53204 292.04822 0
21 -29.914949995190742 -77.51798930851747 806.4301230724768
21 597.90765 331.25635 0
22 -2.979445609227712 -64.87184579250558 810.8083300779438
22 678.3935 370.06186 0
23 23.91023175750766 -52.23101093500961 814.9324259074399
23 757.9014 408.38675 0
