0 -144.43421275909733 -47.18884021024621 888.8214447325263
0 295.9002 434.87582 0
1 -117.17031115220449 -34.75677717957759 891.1259794595497
1 370.59244 468.79874 0
2 -89.91655945793356 -22.3368723008175 893.5687748030733
2 444.9095 502.5232 0
3 -62.602373996766715 -9.879310817788184 895.7897567259827
3 518.9421 536.1584 0
4 -35.32872923716127 2.5486753744819723 897.9292171306447
4 592.49115 569.5485 0
5 -8.053502408612859 14.965830712600663 900.1970384875202
5 665.6979 602.74524 0
6 -131.8597866248579 -74.09600802263677 884.6990395705831
6 328.3057 361.0469 0
7 -104.56134442995031 -61.64048754352958 886.7379952386107
7 403.26962 395.33286 0
8 -77.27125665538287 -49.211988241773675 889.0051857641973
8 477.92072 429.42252 0
9 -49.969802526307056 -36.78047818046376 891.1389542510227
9 552.2025 463.332 0
10 -22.696375675881963 -24.33390699131184 893.3317741561789
10 626.0579 497.12442 0
11 4.567911260843773 -11.924386993150787 895.5350495847471
11 699.5269 530.6521 0
12 -119.22992124094178 -100.98862856022885 879.9849403618543
12 360.94696 286.38083 0
13 -91.92894276204099 -88.5477909808623 882.1022911932228
13 436.26532 321.00403 0
14 -64.61712873390734 -76.09634242868374 884.4631713635046
14 511.30093 355.54736 0
15 -37.349494086323254 -63.67660429163462 886.6038658877405
15 585.7919 389.77774 0
16 -10.080978499691554 -51.24104114514033 888.8275020697419
16 659.9289 423.89905 0
17 17.206656849644762 -38.791543286192145 891.0525687098361
17 733.7475 457.88788 0
18 -106.6302083675501 -127.92506882118346 875.6124067124371
18 393.9713 210.9272 0
19 -79.32267653395442 -115.48166607286512 877.8584422139106
19 469.6351 245.95837 0
20 -52.01534133108049 -103.03108211127307 879.949443229044
20 544.8871 280.78073 0
21 -24.747301537079174 -90.59142407052553 882.2085795806962
21 619.68787 315.4553 0
22 2.5861586099771006 -78.15561309157115 884.3055587419511
22 694.28595 349.90323 0
23 29.83596202929805 -65.70687019020939 886.5188986732709
23 768.29315 384.24673 0
