0 -52.907020117436225 36.89158018856556 819.2908525445041
0 531.7263 671.1379 0
1 -24.644245961519797 46.35180215977086 823.2597261005111
1 615.1521 698.2846 0
2 3.5913176896217904 55.77204837703127 827.19678225423
2 697.69855 725.0607 0
3 31.839319934612 65.1932528356518 831.0890585259428
3 779.50397 751.5961 0
4 60.0868191579959 74.62630001792786 834.9518047233556
4 860.5514 777.9259 0
5 88.31554870600361 84.04446303731889 838.7080123156252
5 940.8307 804.0011 0
6 -43.239459714619926 8.481545759099903 818.2783607595416
6 559.9862 587.672 0
7 -14.99706477724603 17.910644818933388 822.2617626290066
7 643.3194 615.16296 0
8 13.245432121327784 27.35545261484814 826.0820489374413
8 725.857 642.4504 0
9 41.499164877060856 36.78134033543646 829.9600311229184
9 807.65894 669.42426 0
10 69.74139667199195 46.22072556824143 833.84445081209
10 888.6652 696.1852 0
11 97.98156811993185 55.63322569405189 837.717951721479
11 968.918 722.62274 0
12 -33.587002468616355 -19.9368126236878 817.266847099343
12 588.2717 503.97485 0
13 -5.3462023371512455 -10.499916379930706 821.1856810797237
13 671.56445 531.9261 0
14 22.912801525841367 -1.0670804274417371 825.0597321103877
14 754.12274 559.5998 0
15 51.157992282772206 8.36630770841043 828.9114288578214
15 835.8732 587.0171 0
16 79.39800958540303 17.80830950803068 832.9178652406199
16 916.8099 614.1961 0
17 107.65170631860079 27.25143527950036 836.7442506408744
17 997.07764 641.135 0
18 -23.98179774343649 -48.38849503981283 816.30149337764
18 616.49194 419.98004 0
19 4.292225226457993 -38.943987578781645 820.1896266664396
19 699.8459 448.38354 0
20 32.56679643254511 -29.511591403800082 824.0705368024572
20 782.4157 476.48288 0
21 60.822293768319824 -20.06359277881534 827.8882270376348
21 864.1695 504.3597 0
22 89.0904844946218 -10.636018186082257 831.7987068837026
22 945.1807 531.9249 0
23 117.30948025752261 -1.1769898354776376 835.637512831806
23 1025.321 559.3225 0
