0 -5.220338554801 28.87009008680131 847.762754345425
0 672.4135 644.7132 0
1 24.123298969693824 33.981847466554385 851.4194085037993
1 755.4761 658.8175 0
2 53.463659788535544 39.069246565607166 855.205467250345
2 837.7962 672.71594 0
3 82.85454208755216 44.18458750464033 859.0579776471454
3 919.51434 686.5606 0
4 112.236151546499 49.31563868402811 862.8182016732464
4 1000.51044 700.3402 0
5 141.62373679918713 54.40023620001034 866.7968069242941
5 1080.7211 713.83307 0
6 0.06431026479157459 -0.6733632506987002 846.760310813705
6 687.4259 560.7992 0
7 29.422294291264972 4.450790712782987 850.4955997147489
7 770.55475 575.3149 0
8 58.81794486704722 9.540937423849796 854.1990530263166
8 853.069 589.60876 0
9 88.16542813533471 14.64253816107324 857.9595532542534
9 934.7191 603.80865 0
10 117.55231324716759 19.761622854272918 861.9266834354935
10 1015.688 617.9202 0
11 146.9104907459929 24.86221640613259 865.6882226803361
11 1095.9321 631.8675 0
12 5.342848121095882 -30.228002388240082 845.6831180644979
12 702.4578 476.64682 0
13 34.710372683867234 -25.130576659444984 849.3680220096709
13 785.6589 491.47098 0
14 64.11621118900534 -19.98952781414632 853.1755723142608
14 868.22327 506.2983 0
15 93.48944639726385 -14.906563484801245 856.9519799838827
15 949.9719 520.82916 0
16 122.8576444550614 -9.782082642818484 860.8852561096458
16 1030.9265 535.35364 0
17 152.2095484764329 -4.6674366962891884 864.5921614650506
17 1111.2103 549.7152 0
18 10.61478015121689 -59.7839369428035 844.4894555578076
18 717.5134 392.2526 0
19 39.99583101247209 -54.69184801826439 848.2509513851127
19 800.7943 407.46313 0
20 69.37154098166894 -49.57831895503169 852.058543861956
20 883.31415 422.60754 0
21 98.77821377953126 -44.4826875172995 855.9121452482447
21 965.17194 437.57358 0
22 128.1625196095218 -39.35618550012742 859.6467716789331
22 1046.283 452.47665 0
23 157.52831957281143 -34.247198843538946 863.4987704914722
23 1126.5809 467.21494 0
