0 -28.18650641814571 -33.54701139252002 842.5279851363847
0 606.6757 466.83902 0
1 1.172965783128317 -27.402925356289963 844.4799802213764
1 690.588 484.5794 0
2 30.539856459789693 -21.269348609916847 846.2701378547504
2 774.151 502.1965 0
3 59.903244845062474 -15.122520498616337 848.074915032087
3 857.3483 519.7776 0
4 89.28037368719376 -8.951977743394533 850.0434737130253
4 940.1825 537.3561 0
5 118.61418940591537 -2.8283174408511957 851.9253048271482
5 1022.5456 554.72003 0
6 -21.776953339700306 -62.30714460457386 836.7759089391503
6 624.56866 383.42053 0
7 7.599415683194903 -56.168313368239374 838.6088646612162
7 709.0664 401.43875 0
8 36.96316284725218 -50.019170172970846 840.4271896395771
8 793.16125 419.40543 0
9 66.3186378354929 -43.87516684684008 842.2616072189758
9 876.8657 437.28223 0
10 95.68627193553029 -37.713853576162016 844.1436910652759
10 960.22565 455.13678 0
11 125.02922556109924 -31.611271807358882 846.0850230594143
11 1043.1195 472.75104 0
12 -15.388969106731112 -91.1012604909844 830.8894131565952
12 642.6396 298.7061 0
13 13.985019246070365 -84.94959128444965 832.7423010254489
13 727.687 317.08115 0
14 43.3683161145722 -78.79702656136068 834.6098490185434
14 812.3815 335.3812 0
15 72.72650472810436 -72.65615647266804 836.3934000716794
15 896.6465 353.54486 0
16 102.08040348189866 -66.48995731770964 838.3206189094575
16 980.4903 371.73672 0
17 131.45432792813253 -60.353425626143554 840.2237273734477
17 1064.0177 389.75516 0
18 -8.969890580055345 -119.87932306784067 825.0525923524825
18 661.0607 212.85066 0
19 20.379133350765187 -113.71813689510098 826.905585914258
19 746.5945 231.57556 0
20 49.76802444332128 -107.57641302749846 828.7286528524473
20 831.8668 250.1489 0
21 79.12796504644942 -101.43151228506291 830.6079227346385
21 916.66534 268.6698 0
22 108.48957619502823 -95.26475409721148 832.4723864521309
22 1001.09143 287.1654 0
23 137.88066479234607 -89.12568559389966 834.4109274205624
23 1085.19 305.52127 0
