0 -128.63160195024392 -34.53346359300242 863.1137060912436
0 328.3364 466.37372 0
1 -100.59869275866643 -23.749379959189014 864.6663410759347
1 407.05756 496.57776 0
2 -72.5941904276977 -12.992058627236531 866.4809031925548
2 485.47855 526.61005 0
3 -44.57258174568908 -2.2165587471873054 867.8527710114997
3 563.55615 556.5641 0
4 -16.57151924779708 8.575918275941321 869.8132753626627
4 641.36145 586.4545 0
5 11.436081496326889 19.341401790953167 871.2778455729771
5 718.85284 616.1664 0
6 -117.77483963562835 -62.066351191974896 858.0562780199891
6 356.69196 388.54285 0
7 -89.72203064836168 -51.277553284084085 859.556104194074
7 435.86536 419.06955 0
8 -61.69656454673487 -40.49646819444269 861.213393676675
8 514.718 449.48904 0
9 -33.67693200264807 -29.729769316683438 862.7762590111139
9 593.2412 479.74246 0
10 -5.662084673815597 -18.95862522536508 864.4191597281987
10 671.46857 509.90375 0
11 22.3340289747912 -8.175380878674696 866.127509838727
11 749.34235 539.98596 0
12 -106.82547268030902 -89.57041615079694 852.7377452299409
12 385.55286 309.793 0
13 -78.83184189477974 -78.80209418941138 854.4554158333706
13 465.05835 340.64694 0
14 -50.79868211152756 -68.00607819729754 856.0048799282088
14 544.32794 371.4174 0
15 -22.789201017259668 -57.23522961604457 857.6073076141494
15 623.24854 402.0159 0
16 5.213452163916314 -46.46723699109584 859.3404676539973
16 701.8534 432.5121 0
17 33.2469119034065 -35.68143587946345 860.9940831068569
17 780.2366 462.9261 0
18 -95.99354584826462 -117.14176348414898 847.7296400907351
18 414.54218 229.98537 0
19 -67.93731046312965 -106.33453923759359 849.27441555198
19 494.59607 261.2315 0
20 -39.907872431976614 -95.55593888616164 850.9550640794617
20 574.30145 292.32635 0
21 -11.911505668915344 -84.79257697266266 852.563887304631
21 653.5964 323.2354 0
22 16.105083020823447 -74.0093333114129 854.1798051395363
22 732.64923 354.08582 0
23 44.13226652801544 -63.23007945109534 855.7563001027129
23 811.4391 384.8003 0
