0 -82.83664336438267 22.52655713804526 813.1915213888432
0 441.92386 629.41583 0
1 -53.28459538454132 26.671524033304628 816.714807641826
1 530.12244 641.3485 0
2 -23.76609482790345 30.790510892813398 820.2463373501538
2 617.4655 653.1015 0
3 5.801192583895092 34.92188085039479 823.6478555349219
3 704.205 664.806 0
4 35.34397231803885 39.10691977824388 827.0709357914393
4 790.157 676.56757 0
5 64.89060803029915 43.23417374398604 830.5423527052516
5 875.40063 688.0573 0
6 -78.62144424616815 -7.211215963824012 812.9089004335189
6 454.32614 541.35394 0
7 -49.086855104027535 -3.0873586746248547 816.3882850292974
7 542.44244 553.60803 0
8 -19.51039677333535 1.0695261813956114 819.8223937879595
8 629.93066 565.8553 0
9 10.019336524303085 5.217628664094314 823.2634123275928
9 716.55206 577.97455 0
10 39.571225051833046 9.357371602491492 826.725010886953
10 802.51404 589.9679 0
11 69.12211721722113 13.51508332816764 830.1132128139234
11 887.774 601.9168 0
12 -74.42132759670295 -36.964092082369405 812.5236283627454
12 466.6645 453.1722 0
13 -44.870535915095346 -32.827643917325325 816.0223345756087
13 554.82074 465.84753 0
14 -15.287057575224587 -28.680596378842633 819.4361402493234
14 642.3157 478.43704 0
15 14.256626883881998 -24.537798443745697 822.9368556247789
15 728.96375 490.91724 0
16 43.795374430647726 -20.35721819237419 826.3250763783585
16 814.88074 503.3937 0
17 73.36506243717497 -16.20675736268913 829.7322468342504
17 900.18097 515.68195 0
18 -70.19978475921127 -66.73829423326288 812.2227169437554
18 479.0997 364.86414 0
19 -40.62664584085348 -62.56265766220569 815.5759992497331
19 567.2797 378.00565 0
20 -11.076956655212399 -58.43481670552575 819.0274066795771
20 654.67255 390.9196 0
21 18.47577988708113 -54.3003718397418 822.5467077681117
21 741.33636 403.7576 0
22 48.05061556372225 -50.15101958805339 825.9598874662507
22 827.3442 416.5109 0
23 77.59922527532862 -45.97441336012478 829.3802443697532
23 912.566 429.2395 0
