-1.6953402007710223 1.5969772855308668 -1.5401959663455442 2.5591931682378997 1.1948666972329556 1.0449734603054557
-1.6251366017351223 1.7752904163155 -1.7049431766846108 2.5591931682378997 1.1990732897243557 1.044985503077089
-1.5440154448154557 1.829986416146111 -1.8999264704694556 2.8196102508272336 1.1989533856067889 1.044985503077089
-1.9201881719431557 1.9176391186141002 -1.7868673595794222 2.5333670081379114 1.1976351384452444 1.0449975458487222
-1.9201043961404891 1.642145707670289 -1.6333494229232113 2.480888100018289 1.1976112274349002 1.0449975458487222
-1.9796059854515666 2.1454831219291 -2.0124104953807667 2.5417561075774446 1.1977309570195447 1.0449734603054557
-1.9791626718291224 2.145375260583167 -2.0123984526091334 2.6847877572007 1.6715752744824777 1.0449375065234778
-1.9793303979673778 2.166072072631967 -2.0124104953807667 2.775005046427822 1.6714794559081778 0.5973986165649555
-1.9793543089777224 1.9231997375161 -2.069539309614233 2.9543489686510997 1.6715154096901557 0.5973986165649555
-2.1698435545482666 1.8474116085678556 -2.069575263396211 3.019770889216878 1.6715272779288666 0.5973986165649555
-2.1075976095681668 1.919568580069267 -2.069958712226333 3.0202142028393224 2.2437500440620335 0.5973867483262444
-2.1077052963811775 1.5674241494097445 -1.858449070569189 2.808548877815556 2.335153808094422 0.5973626627829778
-1.8414638756443666 1.4021137213306667 -1.678493934052289 2.7726441395889223 1.8349801521167333 0.5973626627829778
-1.704604059216733 1.4020418137667112 -1.6786017953982224 2.724323652874167 1.814223475275611 0.5973626627829778
-1.646049136475789 2.003649815349822 -2.3146765584617777 3.3745397714278553 1.7739325501806111 0.5970032994961223
-1.646049136475789 2.0036138615678443 -2.181591714608889 3.019423219635811 1.7738365570733887 0.5970151677348332
-1.4935379057149554 2.0034340926579555 -2.1850073238967775 3.0626143582993777 1.6965743230640555 0.49299214982701106
-1.4935497739536667 1.9706693762350225 -2.0139324224625446 3.059690233720467 1.3513087584680779 0.4933516876467889
-1.849253629028989 1.8341570548555335 -1.6345957625208 2.359739562716178 1.1425796007948557 1.0450694534126777
-1.6447907541065667 1.5428085496582888 -1.6382988275315888 2.6599923885393557 1.0993165545673333 1.0452970443432557
-1.5405160597249 1.4894428397608557 -1.6150255604849444 2.659381174245733 1.116657796653489 1.0449135955131332
-1.434659398936211 1.5697250169233998 -1.7272217806075112 2.8076980298197225 0.9340780340522111 1.0450094140874333
-1.4345993596109667 1.5794082779812113 -1.9269509736134223 2.9955387382955445 0.9342457601904667 1.044985503077089
-1.5447224776833777 1.7992230687423 -2.010289222244078 2.845472190176278 0.6638577862875 1.0449734603054557
-1.3474381418519559 1.5865749488335 -1.8540389726904778 2.903080446347089 0.9952095863239222 1.0450694534126777
-1.5184889577429221 1.3566815799457668 -1.555535839412578 2.7457875371161333 1.483494757771522 0.7495623522776445
-1.4660939999588891 1.3564058179286556 -1.2303199187898 2.3397859118502 1.4833750281868778 0.7495504840389333
-1.4662018613048224 1.3566335833921557 -1.2302960077794556 2.3397019615146113 1.2724046932594 0.7493825833677555
-1.5803275428825556 1.373459429758989 -1.3791640383218222 2.6180835432553557 1.2720811092216 0.7493466295857778
-1.6183895080278556 1.6640169517527224 -1.7523648188499221 2.6177959129995334 1.271889297540078 0.7493466295857778
-1.9031106491024776 2.0300631042001664 -2.0516348497880665 2.867487249386622 1.5744431654098334 0.7492867647934557
-1.9106009039925669 2.025808689688078 -2.295609709373611 3.0522600181556223 1.574515072973789 0.7492747220218223
-1.9715526873543892 2.0258207324597115 -2.3680663539024778 3.3061818580444555 1.6113425667602113 0.6929609765351334
-1.9715526873543892 2.367634733985822 -2.0366784255511554 2.5902561886691666 1.515612480651778 0.6929848875454777
-1.9702702194419002 1.7655952870189777 -1.7050271270202002 2.6874961590877446 1.8451547233505998 0.6931407454450221
-1.9702702194419002 1.7655233794550222 -1.7052308069404334 2.6873643867314665 2.2323769552512664 0.6930807061197778
-2.1077293819244445 1.6677680133171224 -1.7137275931929776 2.6519630014525224 2.2267683397956555 0.6930208413274556
-2.0459147077951556 2.1191419151756334 -1.897865236658011 2.6178439095531445 1.7706488877819222 0.6930807061197778
-2.0459147077951556 2.2187068386511335 -2.0967674926784334 2.8796991434215893 1.770588848456678 0.6930927488914111
-2.0459026650235224 2.2185270697412447 -2.3535534178209336 3.068990045948156 1.7708166139201775 0.6931047916630444
-2.0458907967848114 2.218550980751589 -2.3808894622310666 3.1748107529548664 1.770864610473789 0.6931407454450221
-2.045926750566789 2.016413058886089 -2.007341186654822 2.8105741578450223 1.551553172660389 0.6931407454450221
-2.045698985103289 2.0164010161144557 -2.058190131813811 2.8106581081806112 2.079985628608 0.6931646564553666
-2.045734938885267 1.623486392955511 -1.7999182333715111 2.810646065408978 2.079901678272411 0.6931526136837334
-2.037394010532267 1.4080698318344222 -1.5226391761004443 2.6264845109336 2.0797578631445 0.6931287026733889
-1.8357713098531667 1.4103588311093667 -1.5457326742372002 2.6265803295079 2.0801893085282335 0.3198321035709889
-1.8363226593544666 1.469357242005678 -1.5457686280191776 2.279505207574322 2.0806567076939446 0.3198439718097
-1.8341533896641666 1.6930546921545224 -1.7077953936995667 2.6261249731138223 1.888441855121389 0.31986805735296664
-1.9092945250697335 1.6928389694626558 -1.7078074364712001 2.6258612538683446 1.770588848456678 0.32727418737454445
-1.9074369711785222 1.8603184926991112 -1.975606912604689 3.032522089981511 1.661304710141389 0.3268069627417555
-1.9074490139501556 1.7922241240282668 -1.975606912604689 3.032510047209878 2.0513912018286447 0.3267949199701223
-1.907245334029922 1.8337135667001667 -1.975606912604689 2.829413416002611 2.266651905050189 0.32667501585255554
-1.9074010173965443 2.235760275948544 -1.9686680072159 2.5704463529311004 2.2335035652642112 0.32650728971430004
-1.9075088787424777 2.1800457019838446 -2.0962641397307444 2.5704103991491225 2.2334196149286223 0.3265193324859333
-1.9075088787424777 2.1829577837911223 -2.1904002166605223 2.9521796989608 2.1723840557641334 0.32648337870395555
-1.9075088787424777 1.9003219620712113 -1.8502879111260777 2.7696599756847666 2.172359970220867 0.3264952469426667
-1.9074849677321335 1.7013238874764889 -1.5973848199042555 2.353412046153933 2.0997237313150334 0.3264952469426667
-1.9075448325244555 1.4839300428795446 -1.413666579051322 2.353208191700778 1.9499568562232221 0.32650728971430004
-1.9074490139501556 1.3635843570196555 -1.413690490061667 2.354023085914633 1.8840076716994112 0.3265193324859333
-2.093527987109067 1.363979848621411 -1.413882301743189 2.3539752638939446 1.8842593481732555 0.3265552862679111
-2.2196140607808443 1.3641477492925889 -1.4139542093071444 2.353855359776378 1.8843071701939447 0.3265912400498889
-2.2195182422065445 1.6123888916289335 -1.5453253143967336 2.4087431712885112 1.884546978429078 0.3265432434962778
-2.2196859683448 1.8213817685476335 -1.5453851791890556 2.4080480066593 1.8818265337704 0.32631547803277783
-2.221291845762167 1.966678506435489 -1.8401252081309223 2.7030037582930335 1.8827012927765776 0.32635143181475557
-2.2213038885338 1.982329920768689 -2.0006899115218557 2.8336318767327224 1.9468768737447668 0.3263275208044111
-2.221291845762167 1.9823180525299782 -2.0007138225322 2.649170649229889 2.353765300788511 0.3263275208044111
-2.2212679347518223 2.153944128932589 -2.000725865303833 2.6489788375483667 2.3381857940192665 0.3263275208044111
-2.221255891980189 2.4691771154701003 -2.109446785879111 2.414795100366567 2.542145315994 0.3257522602927667
-2.221291845762167 1.9739769496440558 -2.0608147578981892 2.7637277761913555 2.2821235504734996 0.32578821407474445
-2.2211000340806444 1.7721027470240334 -1.9998149779827554 2.7949227435118225 2.2824232235009556 0.32578821407474445
-2.221052212059955 1.8883856555204335 -2.1082603110738445 2.795270238559967 2.533936159997278 0.3257522602927667
-2.2148444250823554 2.028541177118389 -2.2529817884500556 2.794898832501478 2.533948028235989 0.32577617130311115
-2.215107969794911 2.028493180564778 -2.1402462615978224 2.722250376291089 2.3354054845682666 0.32569239550044443
-2.2211600734058887 1.7216491189338778 -1.9055951252503112 2.8057924793749005 2.207078408175156 0.32571630651078887
-2.2208604003784336 1.669325894180878 -1.9057148548349554 2.691403078551689 2.566221609015789 0.32559640239322224
-2.2208005355861116 1.6858881958351557 -2.0373255936267554 2.783406014106067 2.5669766384373225 0.32560844516485554
-2.218655351439078 1.9030663177402334 -2.227431390367178 3.002285832002811 2.2976791462324 0.32558453415451116
-2.2196140607808443 2.1151990419297113 -2.227479386920789 2.809699398838845 2.2976671034607663 0.32557249138287775
-2.2195660642272332 2.115270949493667 -2.227850792979278 2.816590307674022 2.234965627553667 0.32557249138287775
-2.2195781069988665 2.129723846249967 -2.365297912690189 3.036788372732311 2.2351933930171666 0.32558453415451116
-2.219602018009211 2.130826545252567 -2.3654537705897334 3.2756459270383 2.2352293467991444 0.32558453415451116
