20.89178 -443.14582 545.7894 -2.237171549157633 0.7151099024968223 2.112904632134178
55.84476 -376.2553 544.38471 -2.2281153848893664 0.7270381805331777 2.1927345944952443
85.43661 -344.31018 514.02308 -2.1181469029860445 0.8178541176835221 2.3506123635485667
-37.98171 -326.41776 553.64497 -2.1977265851366448 0.7533919536570444 1.9169100945979778
-74.47157 -426.6687 511.9372 -2.3342561852754335 0.6144792809982333 1.8304187341944556
-27.88246 -255.70938 519.45683 -2.1882946514868333 0.7615850526249222 1.8640686815989
19.15172 -272.77199 536.67849 -2.1857902785858667 0.9899692353342 2.306056377433222
25.50082 -257.97695 553.51931 -1.8289760450593668 0.6032870082948889 2.6873352397334553
-9.32336 -338.41354 486.43585 -1.9744663399579667 0.5928258540027334 2.605329549963967
-85.89256 -349.07634 470.79382 -1.986896051079867 0.5914692095983 2.407913790842111
8.73761 -341.02198 500.17586 -1.861217162715633 0.7480041223480445 3.095490426726689
-52.90145 -458.92272 440.23468 -2.3311056914964 0.9121420382556334 2.8282388094360558
3.21699 -523.59708 420.95139 -2.3634651424739337 0.6177587546067889 2.666084460189522
-55.90909 -412.37873 421.68269 -2.148019259821911 0.8646083459542555 -3.1373947341547113
117.42083 -261.30633 459.32766 -1.6641860741543557 0.6107327572898111 -3.0667661474532
115.1435 -291.37777 470.94219 -1.936374704215889 0.6265450909772999 3.0578185426625555
-28.24729 -346.07069 429.70876 -1.9888134697634001 0.6036893066806112 3.029260942329789
113.22504 -273.42118 538.54681 -1.7073489384845222 0.46221972671124445 2.936478193678922
-27.74818 -353.99166 569.5004 -2.2523742393478 0.6533077947379334 1.9048427138226112
32.66858 -458.15499 494.42889 -2.224282990983211 0.6443338354760334 2.0899711806871
82.44919 -472.31297 479.44031 -2.255331699714856 0.6239382672509889 2.1904276183293114
109.29319 -419.0477 492.27409 -2.076499333486611 0.6710193956850444 2.248248281066467
106.92296 -401.45625 436.15143 -2.0780256238914445 0.6691489263575889 2.247517162655278
39.27654 -327.55175 474.65368 -1.9416688113456555 0.5992380190322556 1.9807493506250444
148.63932 -397.97814 455.88586 -2.1181074585456225 0.6740922223136888 2.3632139895988553
133.15044 -520.11693 446.48184 -2.288235344343878 0.5569596875519112 2.6564706632347552
160.81622 -518.35156 532.24745 -2.3681490825076112 0.5139523320554444 2.667976222533489
138.37409 -517.23089 535.07162 -2.279972257674189 0.4082279672218 2.542417587352667
78.62267 -520.89511 518.05733 -2.152833750481411 0.49974762111454446 2.4839202604760557
63.5728 -421.71901 486.17687 -2.226109827080111 0.44847002309857786 2.4122200416321
17.91098 -302.16866 514.02201 -1.965408430360478 0.7106647235007444 2.5478225228880444
17.28879 -297.67391 431.52301 -2.045102780640978 0.6926923703678334 2.4889434925105336
11.11655 -279.98142 434.74138 -1.8012305464137 0.6870699668113668 2.6343123124952665
38.46264 -189.15523 558.2606 -1.8510103028911558 0.6612574202793111 2.5093617500154664
-12.04298 -399.14813 557.36668 -2.091195703669411 0.7342500554123221 2.671299678438445
28.51625 -397.69112 564.37023 -2.0667729627970113 0.8810016997398222 3.0472654095203886
-49.34539 -435.72162 519.12465 -2.2890652483890443 0.9089742657173 2.7310721428448113
10.17917 -278.36765 571.48834 -1.9676799763432 0.7147100475720111 2.6074808427632776
27.88069 -243.94338 542.27817 -1.7525205022165444 0.7128203796231112 2.7485922811762444
25.2137 -249.18561 456.14289 -1.8420038805057222 0.7164524097345557 2.6901619749417667
29.17804 -241.49526 457.55331 -1.738262209668522 0.7119639465737666 2.7582031110713334
-30.40957 -306.25287 521.89537 -1.9779320401945335 0.6453073801161889 2.3924079369660447
22.20556 -322.80124 504.31408 -2.056048438325222 0.8207400195524667 2.8384999489993445
-41.92034 -447.47366 480.4243 -2.2542082312945113 0.8340218004006555 2.6922926728562557
-76.67969 -524.19968 477.64068 -2.435664700008367 0.8288304931620778 2.566279204880122
30.12105 -528.09014 468.55626 -2.244150946184378 0.5592078461230556 3.0882286354317885
33.93113 -513.19239 447.05467 -2.5858642422143667 0.5938489659927999 2.9004168994210557
37.98907 -429.86642 519.77705 -2.1290365356022556 0.4347758209551778 2.9851287221496006
-6.85423 -430.17386 518.01169 -2.1347210728790333 0.38155724231117777 2.8024241685089333
9.33858 -351.13913 517.50819 -1.8079076524191555 0.3384435962650778 2.8177104599688443
41.97632 -378.51147 497.61834 -1.8584602406762112 0.44849847196490006 -3.107239808517767
64.23899 -373.08047 491.10484 -1.9873369212414 0.5879883249975001 -2.969869657825556
109.5916 -234.94995 567.01689 -1.8432765745745667 0.5012182355171889 -2.9260599744856335
96.65249 -271.83233 501.89301 -2.0312080401699446 0.5899104560699334 -3.024073300282578
97.88672 -252.33857 506.93353 -1.7493661687132223 0.43274600306973326 -2.9431345302666334
64.55622 -347.55061 556.06613 -1.871499246229589 0.49364228496228885 -2.9978099352124223
27.92793 -432.3304 538.42235 -2.283318053793189 0.5831249651197778 3.0071031151890666
-13.8399 -507.961 520.43047 -2.3370155507757664 0.4917892689270556 2.8649725790432443
-35.29892 -549.29792 457.76116 -2.4713120021747224 0.4461574618791333 2.7571998958344
-136.22054 -533.17488 457.88219 -2.4711629510591444 0.44637388270268885 2.571328267787089
5.48588 -301.12149 462.52122 -1.968583882347389 0.593628181846189 3.0396959166836117
-0.67184 -300.7258 461.39037 -1.977519618899322 0.5671082533803667 2.978134140758623
-90.49746 -364.07914 608.81265 -2.051481260816511 0.4286474464571889 2.623324068778
10.22842 -286.37793 433.66681 -1.8784215709907668 0.5196084204659001 3.0296096591083894
23.75308 -268.53915 459.37502 -1.6562387175409665 0.38645184358197776 3.1274095311414554
-18.77302 -339.57291 506.7471 -2.0216865711310334 0.6514025933589556 3.0566387001083335
22.06379 -283.94934 548.74928 -1.8553832252574334 0.5482717877495333 3.136569717031367
101.45968 -202.86168 535.96882 -1.8218537055693222 0.6180268371753223 -2.9365359640761772
-25.27439 -338.81867 490.39001 -1.994197461348111 0.5983746046660222 3.0096015539706777
-66.92036 -393.69713 455.84883 -2.1137683955662556 0.6495816913814112 2.940114587113422
-17.96725 -359.08571 459.21256 -2.006064652861689 0.7577936739554889 -3.061143918429655
12.27757 -321.88028 438.25032 -2.0111465279580334 0.7611091013460222 -3.0584323749500117
-9.08958 -327.24598 468.28083 -2.0492386872988777 0.6536280626502111 3.030393486462089
-85.26413 -407.35804 476.55735 -2.0727288987678443 0.5911721545646779 2.899573207275033
-65.02008 -424.25352 458.41996 -2.1207427311382556 0.8500083179445223 -3.117404431375067