20.89178 -443.14578 545.78949 -2.237171200091789 0.7151100770297445 2.1129048066671
55.84477 -376.25533 544.3847 -2.2281153848893664 0.7270383550660999 2.1927345944952443
85.43659 -344.31021 514.02307 -2.118147077518967 0.8178539431506001 2.3506123635485667
-37.98169 -326.41776 553.64495 -2.1977267596695667 0.7533919536570444 1.9169100945979778
-74.47159 -426.66872 511.93717 -2.334256359808356 0.6144792809982333 1.8304185596615332
-27.88247 -255.7094 519.4568 -2.188294476953911 0.7615848780919999 1.8640686815989
19.15169 -272.77201 536.67848 -2.1857902785858667 0.9899692353342 2.306056377433222
25.50082 -257.97696 553.51929 -1.8289760450593668 0.6032870082948889 2.6873352397334553
-9.32335 -338.41356 486.43581 -1.9744663399579667 0.5928256794698111 2.605329549963967
-85.89254 -349.07632 470.79382 -1.9868958765469444 0.5914690350653778 2.4079139653750334
8.73758 -341.02198 500.17585 -1.861217162715633 0.7480041223480445 3.0954902521937666
-52.9014 -458.92272 440.23473 -2.331105516963478 0.9121420382556334 2.8282391585018996
3.21697 -523.59708 420.95143 -2.3634649679410114 0.6177587546067889 2.666084460189522
-55.90909 -412.37872 421.68273 -2.148019085288989 0.8646081714213335 -3.1373945596217885
117.42082 -261.30636 459.32765 -1.6641862486872778 0.6107327572898111 -3.0667661474532
115.14347 -291.37781 470.94218 -1.9363748787488113 0.6265450909772999 3.0578183681296336
-28.24728 -346.07069 429.70878 -1.9888134697634001 0.6036894812135333 3.029260942329789
113.22504 -273.42114 538.54684 -1.7073487639516 0.46221972671124445 2.936478193678922
-27.74818 -353.99163 569.50042 -2.2523742393478 0.6533077947379334 1.9048427138226112
32.66857 -458.15498 494.42895 -2.224282816450289 0.6443338354760334 2.089971355220022
82.44917 -472.31295 479.44033 -2.255331699714856 0.6239382672509889 2.1904276183293114
109.29317 -419.04773 492.2741 -2.076499333486611 0.6710193956850444 2.248248281066467
106.92298 -401.45625 436.1514 -2.0780256238914445 0.6691489263575889 2.2475173371882
39.27653 -327.55172 474.6537 -1.9416686368127334 0.5992380190322556 1.9807495251579668
148.63932 -397.97812 455.88587 -2.1181074585456225 0.6740922223136888 2.3632139895988553
133.15045 -520.1169 446.48189 -2.2882351698109558 0.5569596875519112 2.6564708377676776
160.8162 -518.35159 532.24743 -2.3681490825076112 0.5139523320554444 2.6679760480005665
138.37407 -517.2309 535.0716 -2.279972257674189 0.4082279672218 2.542417587352667
78.62269 -520.89511 518.05732 -2.152833750481411 0.4997474465816223 2.4839202604760557
63.57279 -421.71902 486.17684 -2.226109827080111 0.4484698485656556 2.4122200416321
17.911 -302.16867 514.02199 -1.965408430360478 0.7106647235007444 2.5478225228880444
17.28877 -297.67392 431.52298 -2.0451029551739 0.6926923703678334 2.4889434925105336
11.11653 -279.9814 434.74137 -1.8012305464137 0.6870699668113668 2.6343123124952665
38.46262 -189.15522 558.26063 -1.8510101283582334 0.6612574202793111 2.5093617500154664
-12.04295 -399.14812 557.36667 -2.091195703669411 0.7342500554123221 2.671299678438445
28.51627 -397.6911 564.37024 -2.0667729627970113 0.8810015252069001 3.0472654095203886
-49.34541 -435.72162 519.12466 -2.2890650738561225 0.9089742657173 2.7310721428448113
10.17919 -278.36763 571.48836 -1.9676799763432 0.714709873039089 2.6074810172962
27.88069 -243.94338 542.27814 -1.752520676749467 0.7128203796231112 2.748592106643322
25.21372 -249.18559 456.14289 -1.8420038805057222 0.7164525842674777 2.6901619749417667
29.17803 -241.49527 457.55329 -1.7382623842014444 0.711964121106689 2.758202936538411
-30.4096 -306.25288 521.89533 -1.9779322147274554 0.6453073801161889 2.3924075879002
22.20555 -322.80126 504.31408 -2.056048438325222 0.8207400195524667 2.8384999489993445
-41.92033 -447.47364 480.42429 -2.2542082312945113 0.8340218004006555 2.6922926728562557
-76.67974 -524.19968 477.64065 -2.435664874541289 0.8288304931620778 2.5662788558142777
30.12105 -528.09016 468.55627 -2.244150946184378 0.5592078461230556 3.0882284608988666
33.9311 -513.19238 447.05472 -2.5858640676814444 0.5938487914598778 2.9004168994210557
37.98911 -429.86643 519.77705 -2.1290365356022556 0.4347758209551778 2.9851288966825225
-6.85423 -430.17388 518.01165 -2.1347210728790333 0.38155724231117777 2.8024241685089333
9.33858 -351.13915 517.50817 -1.8079076524191555 0.33844377079800003 2.8177104599688443
41.97629 -378.5115 497.61831 -1.8584604152091333 0.44849864649782223 -3.107239808517767
64.23896 -373.08048 491.10483 -1.9873369212414 0.5879881504645778 -2.969869657825556
109.5916 -234.94996 567.0169 -1.8432765745745667 0.5012182355171889 -2.9260599744856335
96.65249 -271.83233 501.89299 -2.0312080401699446 0.5899106306028556 -3.024073300282578
97.88672 -252.3386 506.93349 -1.7493663432461444 0.4327461776026556 -2.9431345302666334
64.55623 -347.5506 556.06612 -1.871499246229589 0.4936421104293667 -2.9978101097453442
27.92793 -432.33039 538.42236 -2.2833178792602666 0.5831249651197778 3.0071031151890666
-13.83988 -507.96099 520.43049 -2.3370155507757664 0.4917892689270556 2.8649725790432443
-35.29894 -549.29795 457.76115 -2.4713121767076447 0.4461574618791333 2.7571998958344
-136.22051 -533.1749 457.88218 -2.4711629510591444 0.44637405723561113 2.571328267787089
5.48588 -301.12149 462.52121 -1.968583882347389 0.593628181846189 3.0396959166836117
-0.67182 -300.7258 461.3904 -1.9775194443664001 0.5671080788474444 2.9781343152915447
-90.49746 -364.07915 608.81265 -2.051481260816511 0.4286474464571889 2.623324068778
10.22841 -286.37796 433.6668 -1.878421745523689 0.5196084204659001 3.0296096591083894
23.75312 -268.53914 459.37501 -1.6562387175409665 0.3864520181149 3.1274097056743773
-18.77299 -339.57289 506.74713 -2.021686396598111 0.6514024188260333 3.0566388746412554
22.0638 -283.94932 548.74928 -1.8553832252574334 0.5482717877495333 3.136569717031367
101.45968 -202.86168 535.96879 -1.8218537055693222 0.6180270117082445 -2.9365359640761772
-25.27439 -338.81867 490.38999 -1.9941976358810336 0.5983746046660222 3.0096013794377554
-66.92031 -393.69712 455.84888 -2.1137682210333333 0.6495816913814112 2.940114761646344
-17.96725 -359.0857 459.21256 -2.006064652861689 0.7577936739554889 -3.061143918429655
12.27756 -321.88027 438.25033 -2.011146353425111 0.7611089268131 -3.0584325494829327
-9.08957 -327.24598 468.28078 -2.0492388618318 0.6536280626502111 3.030393486462089
-85.26413 -407.35803 476.55733 -2.0727288987678443 0.5911721545646779 2.899573207275033
-65.02008 -424.25354 458.41995 -2.1207425566053333 0.8500083179445223 -3.117404256842145