2.5797559390024336 1.9819855673131443 -2.393401029293489 3.385020647940222 1.9080480109392224 -1.7415900288965331
2.579756288068278 1.8272301922383778 -2.5901938804159337 3.442047011348344 2.1311103357841 -1.7415264989128445
2.728420638690411 1.6380591938293778 -2.4122640239285 3.7823989505849998 2.131865365205633 -1.7415264989128445
2.7283366883548226 1.5465475684510557 -2.511876943957611 3.7833697026984 2.1315897777214445 -1.7415504099231889
2.7283366883548226 1.2557144589731335 -2.5117092178193556 4.052199795737611 2.1316257315034224 -1.7415264989128445
2.728192873226911 1.3279792918204778 -2.511169911089689 4.003471949182389 1.7720030887254445 -1.7414065947952777
2.7281810049882003 1.4761163784845777 -2.511241818653644 4.043750831505756 1.7715716433417112 -1.7414186375669112
2.7281810049882003 1.3570650287758887 -2.511229775882011 4.139409010050233 1.7715716433417112 -1.951621900301222
2.679848475501811 1.3673834151376665 -2.5112058648716666 4.0387056083230775 1.4789647557752443 -1.9515739037476114
2.6862241631505888 1.3716737834317334 -2.5112179076433 4.152735471326512 1.719799768090011 -1.9514182203809889
2.686212120378956 1.3286624136780556 -2.5111938221000334 4.124189041100767 1.8997069080533 -1.951058682561211
2.686212120378956 1.329321449992367 -2.5111938221000334 4.128647135533089 2.1313381012476 -1.9510347715508667
2.6862002521402446 1.3293455355356334 -2.5111938221000334 3.8962370019069112 2.1316855962957444 -1.9510825935715557
2.6863918892888448 1.7031573558244335 -2.5113496799995776 3.5458782175746446 2.1329198931217 -1.9511665439071446
2.6863679782785 1.7039842928099225 -2.511373591009922 3.5461658478304665 2.132908024882989 -2.1814913581786115
2.4927149744268333 1.7028938111118777 -2.469620603625467 3.3755344345516 2.1324765794992557 -1.902510604915878
2.4111143755698223 1.703277259942 -2.4694048809336 3.5385199095737554 1.9837523640848 -1.9024746511339001
2.411138286580167 1.5603175178826998 -2.469428791943945 3.7034828426046893 1.957734566836211 -1.9024865193726113
2.5938737325480665 1.6204662752693777 -2.2765906823061335 3.6712811693888443 1.8145950558670223 -1.902510604915878
2.5936220560742225 1.6207778165355446 -2.367143423809767 3.6160458628285665 2.069559380900289 -1.2794387190907999
2.836973658594511 1.7131523326813336 -2.5356057419312554 3.5756591191592673 2.0104291976477 -1.8157806580076779
2.836997744137778 1.6049825870744334 -2.535593699159622 3.617100565277555 1.9235915639264891 -1.8157567469973335
2.836997744137778 1.4721136404463333 -2.5355458771389334 3.7685092715687114 1.6898033183464445 -1.8156609284230332
2.8370096123764887 1.4722333700309778 -2.5355338343672997 3.7487352150797 1.3826236299061112 -1.5673597467614444
2.8367219821206664 1.4715622909450334 -2.4563061851208228 3.6835770137594 1.0813281444055778 -1.5673237929794668
2.837644912213378 1.5959585368638554 -2.6151810607588 3.8486835873853225 1.3965613054760113 -1.5673717895330779
2.8376688232237224 1.5462840237385 -2.6150611566412336 3.8486835873853225 1.6336332134547447 -1.5673717895330779
2.838411809873622 1.6074154014772888 -2.615001291848911 3.8883994265016004 1.80861485982 -1.5673836577717888
2.8381002686074552 1.6074154014772888 -2.6149532952953 3.888603106421833 1.5089133834981223 -1.5673597467614444
2.8380283610435 1.3138140253200001 -2.3274398019980445 3.917616935813289 1.2640276365915002 -1.5673597467614444
2.8380404038151332 1.2461390592612556 -2.3274637130083886 3.9138419632385446 1.263919949778489 -1.7659263759724335
2.8396462812325 1.360875955132611 -2.3275235778007115 3.8140852280815225 1.6337649858110221 -1.7659263759724335
2.8394424267793448 1.5528873023178555 -2.542772238250622 3.8137377330333777 1.919708555472889 -1.7658185146265002
2.839454469550978 1.5132194597551887 -2.5427842810222554 3.8137975978257 1.9196726016909114 -1.3425716403816332
2.837309285403945 1.5860475103425444 -2.542856188586211 3.665348969895433 1.3720294815272225 -1.3422960528974444
2.8377047770057002 1.5970851468768001 -2.541765706888167 3.5383642262071335 1.2279551722266113 -1.7269057014853668
2.8377168197773335 1.6177699161539667 -2.5417536641165337 3.7192660292941673 1.2278953074342889 -1.726917744257
2.839706146024822 1.640240331758389 -2.5417416213449 3.8116403709070332 1.5846896442076557 -1.6779500894666446
2.8396941032531893 1.6400364773052334 -2.541729753106189 3.811700410232278 1.7947850455960332 -1.3573481211757334
2.8396701922428447 1.6400965166304777 -2.541729753106189 3.930583859269789 1.7930233102791224 -1.3573481211757334
2.8379564534795443 1.4818927200784446 -2.5416337599989665 3.987580901146978 1.7199915797715335 -1.8504750104187
2.837944410707911 1.5024097632173556 -2.5416458027706 3.9038351181429336 1.3846848637175557 -1.8504750104187
2.8379325424692 1.3858870464858222 -2.3688692053447005 3.8842169195534666 1.3846129561536 -1.8504750104187
2.839274700641089 1.3858390499322113 -2.368893116355044 3.8842169195534666 1.5836230735199557 -1.8504510994083556
2.839250789630744 1.385419647320111 -2.3688812481163333 4.1032286843394115 1.5837668886478666 -1.2827464670327555
2.839274700641089 1.5308483320971669 -2.5949755588860555 4.036032985685089 1.5840065223500779 -1.2827583352714667
2.839274700641089 1.523633839224189 -2.5940288923159227 4.0359012133288115 1.5840424761320555 -1.858660255405078
2.839274700641089 1.5236577502345334 -2.5940288923159227 3.9746617997111664 1.8282569694198114 -1.974667576417289
2.839274700641089 1.5234299847710333 -2.5940288923159227 3.9356172142137558 2.042187382708178 -2.131756805728011
2.8383519450812997 1.6420259780856443 -2.5940168495442886 3.8736828104998224 1.7939581086105445 -2.131756805728011
2.838303948527689 1.598163585803211 -2.440283190196211 3.826632748925922 1.5919041370806333 -1.7560633460047335
2.8383280340709556 1.597864087308678 -2.440283190196211 3.826824386074522 1.2590782319831224 -1.7560034812124112
2.8395143343433 1.408417501415489 -2.4401994143935446 4.224341093326623 1.5346075967089112 -1.6253633200010889
2.8395143343433 1.2478767090349001 -2.4401994143935446 4.325895517582533 1.534703415283211 -1.6253874055443558
2.839562330896911 1.2478767090349001 -2.4401873716219113 4.326195190609989 1.6967301809636 -1.6254352275650443
2.8393106544230666 1.3727642651297778 -2.4841454079457224 4.047250216596311 1.4973725685491002 -1.6704839201198225
3.221271940449189 1.4349384770788445 -2.4868180305837115 3.9196902123963664 1.086613175823389 -1.6703881015455222
3.2211040397780106 1.3608040475686556 -2.4866981264661443 3.787168586283489 0.8864766229770111 -1.485147933610811
3.074309285818722 1.3136342564101111 -2.2565651238762 3.7142565853605447 0.8862849858284111 -1.4852077984031336
3.0771255490516998 1.3136222136384779 -2.256601077658178 3.7142686281321775 0.8862970286000446 -1.1310740414961222
3.0771255490516998 1.3136461246488222 -2.256601077658178 3.7142326743501997 0.8863448506207334 -1.9155014393827223
3.0771735456053113 1.3136581674204555 -2.256601077658178 3.7145562583880003 1.0607512364743443 -1.9155134821543556
3.0772215421589224 1.3139098438943 -2.256601077658178 3.9568292474489555 1.0607152826923667 -1.9154893966110889
3.077209499387289 1.5705160001269112 -2.4304322030001444 3.815451471796678 1.060775322017611 -1.9154893966110889
3.0771735456053113 1.3816207637350222 -2.3176127258123227 3.7638113689012553 0.7639260627106889 -1.4798030374006776
3.0782162052826663 1.379475579587989 -2.3222865429365114 3.6375095725376116 0.9100256520407667 -1.4800306283312554
3.0783240666286003 1.3795354443803112 -2.322274500164878 3.6977902768134894 1.1101143828664555 -1.4800306283312554
3.0783359348673116 1.564847519878978 -2.491120267116489 3.8106697933265554 1.3591945049599223 -1.4800547138745221
3.0781921197394 1.5590591355134777 -2.6065882813990333 3.841445183502 1.5833473115028445 -1.7781862665610113
3.0780243936011447 1.5590470927418443 -2.6065882813990333 3.8417089027474782 1.333716014441 -1.7781503127790332
3.0777488061169556 1.4503862114918111 -2.424595822081033 3.7292728743897783 1.0847556219321777 -1.7781503127790332
3.0777488061169556 1.4503980797305225 -2.424655861406278 3.8366155084782667 0.8524894779668334 -1.7781382700073998
3.0777488061169556 1.4503621259485444 -2.424655861406278 3.836483736121989 0.8524653924235667 -1.3175965028104
3.077736763345322 1.4503621259485444 -2.424667729644989 3.8364238713296666 0.8524653924235667 -0.9812951236326778
3.077976571580456 1.4506497562043668 -2.424667729644989 3.8365795546962884 0.9850109295467889 -0.9813071664043113
3.077964528808822 1.450661798976 -2.424667729644989 3.8364238713296666 1.117448605324078 -0.9813551629579222
3.0782162052826663 1.4856437816428445 -2.4247036834269666 3.8510205832138777 1.339456402252889 -0.9813551629579222
3.0781921197394 1.485631738871211 -2.4246918151882557 3.851176441113422 1.3394445340141776 -1.577953720607411
3.078144297718711 1.4856676926531889 -2.4246918151882557 3.8247032874707556 1.4840340645011891 -1.577953720607411
3.0778566674628887 1.6727893254894557 -2.4247755909909223 3.7422277550746443 1.210398381981511 -1.5779298095970666
3.077868710234523 1.6726935069151554 -2.424751679980578 3.594090842943467 1.2104222929918558 -1.823654361727889
3.0778566674628887 1.6726575531331778 -2.424751679980578 3.594078800171833 1.2103383426562666 -1.062476319877589
3.077868710234523 1.5062327323457112 -2.2887306687771445 3.5555136566117667 1.0399346948408998 -1.230315380933822
3.077844624691256 1.5061608247817557 -2.2887427115487777 3.4630672329020222 0.824098731107711 -1.2302794271518445
3.0778926212448665 1.5061128282281442 -2.2935243900189 3.6513634723048445 0.823811275384811 -1.2302914699234777
3.0778805784732337 1.3190151064022222 -2.293464525226578 3.6672904741222334 0.8238950511874777 -1.2302914699234777
3.078228073521378 1.377917524191311 -2.5110021849514337 3.666907025292111 0.9690240629370777 -1.2303633774874334
3.3048737337924 1.4632930956230665 -2.244724635899722 3.4412678963835446 0.6283005431090112 -1.230303338162189
3.3045862780695003 1.4269809975559666 -2.1242353094448445 3.191157157384356 0.5278847716376778 -1.229560351512289
3.304885776564033 1.2765070895962334 -2.127123480241778 3.1005445510884 0.3747623265832222 -0.8033654416781666
3.3049456413563556 1.2765549116169221 -2.1270875264598 3.100400735960489 0.1641276184651778 -0.8033654416781666
3.3049576841279893 1.276962445990311 -2.1271114374701443 3.2861561250816003 0.1644271169597111 -0.4095038028832444
3.305580941193244 1.533101203057211 -2.1255415138347553 2.720548680299422 0.40803057048676666 -0.9773642931583889
3.305592809431956 1.5326699322064001 -2.1256373324090556 3.019135589379989 0.6902829433765555 -0.9773883787016556
3.305580941193244 1.533173110621167 -2.1256373324090556 2.9325855859146 0.8958483427686557 -0.9774243324836334
3.3056408059855666 1.7475470120649002 -2.1259490482081445 2.6310504667118555 1.0374060618637444 -1.2074376054889333
3.3055449874112663 1.7450662011084335 -2.3395438346870776 3.087397858722011 1.037394019092111 -1.2054241936981778
3.3048018262284447 1.4545207218863334 -2.2205764353139776 3.3749232202579784 0.7551775999843001 -1.205376197144567
3.0872163444829 1.603796286802089 -2.2852913230118332 3.194368912219089 1.0115441225147002 -1.2094508427467667
3.087228387254534 1.6036165178922002 -2.2852792802402 3.316092710032845 0.8642578838464333 -1.2094508427467667
3.086808810109511 1.4930619544360557 -2.2852073726762443 3.725977169219455 0.9754355298349111 -1.7616120966680222
3.086808810109511 1.6534589316887334 -2.4888553533848112 3.479293907746867 1.2805539844638 -1.7616120966680222
3.0867969418708 1.6536985653909444 -2.488879264395156 3.6000589962188556 1.4472545672683776 -1.761600053896389
