1 5.551800727844238 17.93396759033203 574.5154418945312 2 34.01762390136719 -100.85860443115234 556.8539428710938 3 85.61486053466797 -52.91903305053711 574.5604858398438
1 67.09711456298828 30.601219177246094 741.2017211914062 2 65.82665252685547 -83.56695556640625 694.2650146484375 3 128.86219787597656 -50.34629440307617 708.4732055664062
1 129.87466430664062 83.54682159423828 632.7880249023438 2 112.90506744384766 -37.79400634765625 616.4992065429688 3 178.7994842529297 -11.70412826538086 633.2796630859375
1 123.00621795654297 78.66169738769531 730.1087036132812 2 106.06805419921875 -38.38897705078125 694.9822998046875 3 172.7445526123047 -13.980481147766113 710.6876220703125
0
0
1 6.041818618774414 62.548431396484375 676.462158203125 2 33.46303939819336 -57.029964447021484 662.30322265625 3 85.06499481201172 -9.412001609802246 680.9000244140625
1 -2.1292366981506348 73.66128540039062 700.8811645507812 2 25.447023391723633 -45.417720794677734 683.5924072265625 3 73.3223876953125 -0.849826991558075 715.0938110351562
1 -119.51652526855469 22.101972579956055 720.0886840820312 2 -53.391117095947266 -79.21247863769531 694.7471313476562 3 -23.3317928314209 -23.69684600830078 730.8191528320312
1 -39.731231689453125 60.09663009643555 684.9735717773438 2 -1.133384108543396 -56.50156021118164 671.8074951171875 3 41.89909362792969 -6.803618907928467 702.7576904296875
1 12.008219718933105 86.14147186279297 722.0331420898438 2 29.121013641357422 -33.99188995361328 699.4007568359375 3 81.65811157226562 5.36520528793335 730.478759765625
1 90.40992736816406 95.8265380859375 721.8427734375 2 78.99678039550781 -25.033906936645508 699.6275634765625 3 140.2692413330078 1.374049186706543 728.4619140625
0
1 107.22477722167969 64.10307312011719 721.2651977539062 2 94.36609649658203 -50.89591979980469 678.3799438476562 3 158.02003479003906 -28.71476173400879 705.8102416992188
0
0
1 -95.68411254882812 36.62255859375 691.8447875976562 2 -58.42301940917969 -74.78736877441406 653.5706176757812 3 -10.519506454467773 -27.22562026977539 680.5778198242188
1 -118.38709259033203 46.938846588134766 709.71875 2 -77.74369812011719 -63.93720626831055 673.5450439453125 3 -31.583528518676758 -15.005499839782715 701.0180053710938
1 -65.04068756103516 81.28868865966797 585.09130859375 2 -26.972618103027344 -35.54354476928711 572.234130859375 3 17.564842224121094 14.82667350769043 599.8200073242188
1 25.93382453918457 92.60574340820312 675.6100463867188 2 33.0038948059082 -27.352092742919922 647.3257446289062 3 89.66373443603516 16.538366317749023 635.7498168945312
0
1 114.66776275634766 58.80271530151367 775.1710205078125 2 109.9528579711914 -53.04175567626953 723.2269897460938 3 172.91615295410156 -26.852521896362305 748.6292724609375
0
0
1 -140.8551788330078 -34.297515869140625 748.3385009765625 2 -51.901432037353516 -110.46774291992188 708.4158325195312 3 -34.89815139770508 -45.60554885864258 736.7228393554688
1 -42.87948989868164 -13.448371887207031 734.0269775390625 2 15.536953926086426 -117.36546325683594 701.141357421875 3 53.414188385009766 -57.8194694519043 718.8512573242188
1 25.359272003173828 25.55509376525879 768.7059326171875 2 56.49806213378906 -86.64852905273438 727.4622802734375 3 107.87771606445312 -37.73250198364258 743.3956298828125
1 88.71627044677734 36.041526794433594 727.4415893554688 2 98.67182922363281 -83.26971435546875 697.2748413085938 3 158.18572998046875 -42.892059326171875 707.9315795898438
1 -7.685963153839111 4.263467311859131 719.228759765625 2 38.186309814453125 -107.02664184570312 691.07373046875 3 82.75045013427734 -51.320316314697266 705.3709106445312
1 -108.2354965209961 56.534568786621094 710.376708984375 2 -35.99306869506836 -41.2617301940918 688.4178466796875 3 -6.635824680328369 23.433744430541992 703.7627563476562
1 -115.3692626953125 63.070186614990234 745.0902709960938 2 -43.120967864990234 -32.371131896972656 714.6669921875 3 -14.616171836853027 26.900922775268555 745.6043701171875
1 -1.1510474681854248 116.04346466064453 728.3668823242188 2 29.865882873535156 1.4606540203094482 694.4649047851562 3 80.14376068115234 47.00578308105469 720.3555908203125
1 115.88420104980469 65.29552459716797 739.2470703125 2 112.00992584228516 -52.32014083862305 702.0830078125 3 174.78123474121094 -22.63973617553711 723.7703247070312
0
0
0
1 -93.46483612060547 -32.31071090698242 714.268798828125 2 -17.697437286376953 -123.98057556152344 680.2789306640625 3 8.906011581420898 -63.64323043823242 711.05322265625
1 13.52131462097168 28.793296813964844 690.1317138671875 2 50.32613754272461 -86.30039978027344 664.4420776367188 3 98.73243713378906 -35.61552810668945 683.7471923828125
1 86.1436996459961 47.664913177490234 704.5698852539062 2 97.65304565429688 -72.36306762695312 678.074951171875 3 155.44371032714844 -28.335655212402344 675.413330078125
1 90.38172149658203 43.702537536621094 663.365966796875 2 101.66351318359375 -78.67437744140625 650.8123779296875 3 160.00111389160156 -35.599754333496094 645.577392578125
1 48.00328063964844 60.197044372558594 709.4188842773438 2 68.8268814086914 -58.947792053222656 684.4722900390625 3 121.57037353515625 -17.423351287841797 712.3142700195312
1 -56.22159194946289 12.582229614257812 716.0217895507812 2 3.502180576324463 -91.67001342773438 686.8677978515625 3 38.50716781616211 -37.179378509521484 720.1410522460938
1 -71.72074127197266 65.29146575927734 698.3470458984375 2 -12.052274703979492 -40.000606536865234 673.6610107421875 3 22.756925582885742 15.451118469238281 705.251220703125
1 -11.965503692626953 97.4115219116211 706.3829956054688 2 25.101680755615234 -17.194982528686523 679.2468872070312 3 71.24829864501953 30.25414276123047 709.1644287109375
1 4.4219889640808105 86.36842346191406 647.0869750976562 2 40.305091857910156 -31.84050750732422 647.5361938476562 3 88.35134887695312 21.14890480041504 635.0144653320312
1 19.005807876586914 25.1742000579834 706.3718872070312 2 55.910709381103516 -91.50405883789062 688.975830078125 3 102.89036560058594 -36.4232177734375 681.4749145507812
1 12.042389869689941 26.861696243286133 692.833740234375 2 48.94977569580078 -89.48929595947266 673.5806274414062 3 94.67527770996094 -40.57771682739258 701.8919067382812
1 88.9527816772461 52.55116271972656 716.8599853515625 2 96.4993896484375 -67.38459014892578 688.5983276367188 3 151.3809356689453 -34.184120178222656 722.907958984375
0
1 83.48206329345703 39.51544952392578 686.8128662109375 2 95.44010925292969 -80.52568054199219 660.4420776367188 3 143.97360229492188 -47.278167724609375 703.1552124023438
1 9.802505493164062 54.98960494995117 648.902099609375 2 45.6994743347168 -61.95500183105469 631.864013671875 3 93.42758178710938 -11.605356216430664 653.5758056640625
1 -85.3089599609375 -4.076984882354736 636.7047119140625 2 -12.841094970703125 -103.37910461425781 623.6408081054688 3 14.94958782196045 -40.16990280151367 646.4406127929688
1 -4.77082633972168 51.24242401123047 618.5765991210938 2 35.95331954956055 -65.03154754638672 627.8858642578125 3 82.11591339111328 -9.264814376831055 633.9490966796875
1 -15.28304672241211 69.02243041992188 673.3157958984375 2 26.111499786376953 -47.40003204345703 675.662841796875 3 72.14167785644531 8.22146224975586 683.809326171875
1 36.0657958984375 88.43255615234375 677.7772216796875 2 58.20524215698242 -33.09149932861328 678.3798217773438 3 112.60150909423828 14.269173622131348 687.255859375
1 -28.852338790893555 55.547401428222656 717.6860961914062 2 18.132755279541016 -56.64797592163086 696.0165405273438 3 61.64414978027344 -1.5048269033432007 714.6703491210938
1 50.67988586425781 14.899552345275879 722.6779174804688 2 102.4019775390625 -94.31671905517578 696.9345092773438 3 142.55465698242188 -39.929813385009766 723.60498046875
1 -8.149882316589355 -16.404067993164062 781.7477416992188 2 66.77668762207031 -106.91844940185547 743.1920776367188 3 94.30767059326172 -46.36737060546875 772.51611328125
1 -76.94029235839844 30.955930709838867 722.1635131835938 2 9.85715389251709 -52.48784637451172 694.2484741210938 3 28.645593643188477 14.29877758026123 715.9494018554688
1 -71.06539916992188 32.72269058227539 732.5660400390625 2 15.609476089477539 -51.06114959716797 705.2208251953125 3 31.7099552154541 19.887296676635742 704.9703979492188
1 -77.38400268554688 33.75409698486328 709.166015625 2 9.223240852355957 -49.60706329345703 680.4879150390625 3 24.307619094848633 4.943184852600098 726.1713256835938
0
1 -28.94932746887207 63.375335693359375 653.8070068359375 2 39.47376251220703 -39.08713150024414 644.8508911132812 3 66.31864929199219 20.396764755249023 676.7731323242188
1 -23.096677780151367 -4.263549327850342 643.8396606445312 2 45.79484939575195 -105.73448181152344 628.6582641601562 3 72.55838012695312 -48.00362777709961 663.924560546875
1 -96.77232360839844 -22.47895622253418 689.1942749023438 2 -0.31967732310295105 -97.57149505615234 670.3908081054688 3 10.191604614257812 -27.845674514770508 688.128662109375
1 -69.20976257324219 13.369539260864258 740.45068359375 2 15.53758430480957 -69.27571868896484 704.7138671875 3 35.96868133544922 -4.609212875366211 730.8619995117188
1 -18.03879165649414 55.97811508178711 743.8645629882812 2 46.860145568847656 -42.49932098388672 707.0972900390625 3 80.85296630859375 18.231027603149414 727.9567260742188
1 64.13327026367188 33.130615234375 709.7615966796875 2 100.32090759277344 -81.64808654785156 681.8931884765625 3 149.41783142089844 -29.328914642333984 693.4248046875
1 131.68917846679688 25.716150283813477 763.3151245117188 2 141.69497680664062 -90.08699035644531 721.5158081054688 3 199.0817108154297 -56.70546340942383 751.4578857421875
1 51.10274887084961 3.0248727798461914 750.295654296875 2 91.05532836914062 -107.48271942138672 712.1143798828125 3 136.3447265625 -61.58776092529297 745.7774658203125
1 -25.240320205688477 19.84431266784668 734.368896484375 2 42.444007873535156 -76.90646362304688 697.7559814453125 3 72.83928680419922 -23.06952667236328 736.09375
1 -77.5195541381836 -33.924842834472656 682.7763061523438 2 11.50490665435791 -117.57819366455078 663.6033935546875 3 26.57016944885254 -54.65290832519531 696.87158203125
1 -74.19973754882812 -33.41315460205078 696.8407592773438 2 14.832322120666504 -117.27923583984375 678.5948486328125 3 31.323802947998047 -46.51609420776367 683.7974853515625
1 -69.348388671875 -30.06526756286621 705.7877807617188 2 19.867551803588867 -113.88092803955078 687.976318359375 3 31.697729110717773 -43.58030700683594 672.4683837890625
1 -37.965667724609375 0.5269761681556702 716.3735961914062 2 39.21028137207031 -93.69964599609375 695.0280151367188 3 59.17972946166992 -25.362619400024414 679.3145751953125
0
1 65.83230590820312 56.051475524902344 715.625 2 104.3923568725586 -58.88750457763672 692.1685791015625 3 144.78025817871094 -1.691080093383789 672.4871215820312
1 55.44330596923828 55.75983810424805 700.1414794921875 2 93.69965362548828 -59.06916809082031 675.5568237304688 3 141.6555938720703 -7.0257744789123535 692.0957641601562
1 100.63977813720703 71.47541046142578 716.22900390625 2 121.93980407714844 -46.410362243652344 686.3726196289062 3 177.16990661621094 -2.035784959793091 702.791748046875
1 23.96169090270996 8.861940383911133 630.8154296875 2 76.30899047851562 -102.23546600341797 617.3695678710938 3 117.18988037109375 -43.55311584472656 630.3684692382812
1 18.08405876159668 14.406720161437988 671.0267333984375 2 71.62435150146484 -92.64820098876953 640.431884765625 3 109.26880645751953 -41.4290657043457 675.692626953125
1 27.70946502685547 13.33443832397461 692.59716796875 2 81.3716812133789 -94.03905487060547 663.30078125 3 116.5055923461914 -31.189048767089844 652.83203125
1 -28.986541748046875 34.63993453979492 701.8643798828125 2 43.07717514038086 -60.360870361328125 669.3182983398438 3 70.67123413085938 6.684743881225586 674.433837890625
1 -81.23210906982422 -14.9537992477417 703.4812622070312 2 10.942025184631348 -90.45133972167969 670.4589233398438 3 23.827856063842773 -19.916492462158203 682.9046020507812
1 -77.33854675292969 -16.08478546142578 658.4291381835938 2 13.98391342163086 -97.55013275146484 641.1930541992188 3 27.8436222076416 -26.081186294555664 640.8103637695312
1 -86.90685272216797 6.589265823364258 747.9808349609375 2 5.344221591949463 -69.32891082763672 716.1680908203125 3 18.20384407043457 1.3249465227127075 727.7296752929688
0
1 -12.81739616394043 -13.855189323425293 691.2659912109375 2 77.99431610107422 -93.41368865966797 664.7928466796875 3 93.1385726928711 -23.97994613647461 680.09619140625
1 -28.552305221557617 -8.197693824768066 688.2609252929688 2 71.59717559814453 -74.21614074707031 658.359375 3 78.4087905883789 -6.853140830993652 684.7759399414062
1 -51.77540588378906 -25.051645278930664 748.9855346679688 2 59.77732849121094 -71.62224578857422 722.7723388671875 3 52.0691032409668 -0.9966586232185364 738.1013793945312
1 -69.8691177368164 -65.44459533691406 692.698486328125 2 49.39899444580078 -97.69479370117188 686.7737426757812 3 30.522762298583984 -28.24671745300293 697.6494750976562
1 -66.92654418945312 -63.331233978271484 685.4053344726562 2 51.75743103027344 -98.06481170654297 683.0603637695312 3 32.00984191894531 -32.71987533569336 657.2991333007812
1 -50.58448028564453 -63.614864349365234 694.97900390625 2 60.132713317871094 -107.41487884521484 661.5663452148438 3 54.574371337890625 -43.62953186035156 696.0166015625
1 4.254348278045654 2.1882591247558594 712.3805541992188 2 92.64753723144531 -71.74806213378906 667.6268310546875 3 107.48404693603516 -2.597426652908325 684.3697509765625
1 50.33244323730469 23.41087532043457 771.3645629882812 2 121.13331604003906 -55.11677551269531 707.4039306640625 3 147.74102783203125 8.818285942077637 729.4915161132812
0
1 79.01347351074219 -17.65959930419922 753.2654418945312 2 132.46681213378906 -111.39224243164062 693.0181274414062 3 172.1404266357422 -54.85547637939453 715.919677734375
1 15.359514236450195 17.87905502319336 719.6583862304688 2 95.78575897216797 -68.44844818115234 682.975830078125 3 118.76466369628906 -1.7719498872756958 700.4688720703125
0
1 -65.87381744384766 -19.95614242553711 698.1990966796875 2 22.42746353149414 -97.45206451416016 659.5259399414062 3 38.20153045654297 -27.842330932617188 673.6453857421875
1 -42.07438278198242 21.7945499420166 637.3302612304688 2 34.42533874511719 -73.96739196777344 621.6450805664062 3 58.875850677490234 -11.497787475585938 649.6724243164062
1 37.506500244140625 8.999887466430664 760.998046875 2 83.36234283447266 -92.40909576416016 707.3929443359375 3 126.24507904052734 -49.202247619628906 747.2356567382812
1 92.79283142089844 32.929351806640625 731.3667602539062 2 118.35013580322266 -79.71576690673828 687.7259521484375 3 170.19955444335938 -40.082645416259766 720.058349609375
