-294.56142 7.5062 424.03054 2.5198679338015557 -1.3754553882575222 -2.7308829491571225
-311.89613 -6.97474 319.87599 -2.928881822772122 -1.1737656669362888 2.9611318416074224
-342.07846 -37.97652 367.74016 2.4221806355033224 -1.4205196142423777 -2.264633431804689
-347.33488 -35.61693 309.38508 -3.1210579290359446 -1.2981343366534 -2.991108569130778
-370.83496 -25.31553 250.0142 -3.0803137419419335 -1.2794544270538 -3.030218255408178
-363.33808 10.29802 263.23977 2.832256557305611 -1.2399337157445667 -3.0173701888717113
-337.08796 -1.16386 316.25228 2.310924973298611 -1.3769452012816112 -2.5124148544239002
-348.5056 3.84498 290.29693 1.9944814264125665 -1.190559050179589 -2.1776179490357332
-342.11152 52.63489 280.58919 2.138674592633211 -1.1016240543320333 -2.644566819807511
-343.05937 22.10354 296.43336 1.9172225085287558 -1.1886131826297333 -2.1991385564774224
-356.17223 7.70284 279.94384 2.1242586968564225 -1.2051159685575334 -2.2144210082130447
-356.15582 -17.19684 282.76184 2.1189321266031222 -1.2507097274284114 -1.9822339276614664
-372.90114 -9.02722 254.67752 2.7788089914676557 -1.186107413465389 -2.6041718730908667
-336.5446 -27.01852 326.44684 2.725640678305256 -1.1987348703881668 -2.5534119397222117
-336.37119 -27.09444 326.71534 2.3203410244525 -1.0623183675829777 -2.1082531552240336
-348.83899 48.46413 318.30797 3.084099361024933 -1.1256307087178554 -3.0958482192172445
-331.87309 85.00404 337.16227 2.6743440562007668 -1.1915528406387224 -2.9353379700980446
-343.94304 99.25296 313.77827 2.6112160218317557 -1.1968232112910666 -2.900971390514956
-363.95548 56.86239 394.23376 1.9648677273674335 -1.2464247696549333 -2.2482748100706447
-365.12243 27.9308 357.86122 -2.1038304909749224 -1.0881268998578224 2.019033147114489
-323.35117 -66.81463 322.57733 2.945384957765767 -1.213877521253089 -2.767005329937767
-340.8236 -52.33374 294.41299 2.972332491891033 -1.139043912856478 -2.8711684977821337
-350.79322 -23.72571 271.11401 2.7547836620591557 -1.1003503130656556 -2.886364032122489
-341.04885 7.55326 268.78837 2.960309966076678 -1.1152697363230555 2.8293359233851447
-341.67353 39.64841 287.68105 2.6586128803221114 -1.1296596266944332 2.8295439666284334
-301.27906 -6.67885 297.27443 2.9778297553422663 -1.2592408966666335 2.8266420077306447
-318.17415 -27.90594 282.41648 -3.069727447544545 -1.2088795964923333 2.8280157563614554
-308.11906 -50.68027 306.22302 -2.8913851697619 -1.309192917138322 2.8255880034133445
-301.19413 -19.36235 305.53948 3.092585849835067 -1.3104595025548889 2.8247746799957887
-385.59195 34.05961 297.12684 2.8484109755206557 -1.3342102916767333 2.824050368368567
-396.43496 37.46279 270.64837 2.382953837635111 -1.1597934338477887 -2.9641805826928
-401.7825 -2.49092 300.22243 2.616420768105345 -1.2298019050766444 -2.8264844045018775
-335.69267 -54.31666 302.86166 2.8777763142174666 -1.2617843649421778 -2.8017159139105554
-342.36315 -52.23763 290.65365 -2.3566475374660887 -1.0875200488872556 2.3642088272555224
-326.36495 4.00671 291.10646 -2.8468302308440885 -1.126389054264911 2.2945454076139002
-323.19217 18.45795 278.53181 2.584344933126422 -0.9544743004089445 3.093814387074589
-309.61258 14.20195 310.20018 2.4606702063080665 -1.1467863678191779 -3.0815600815395228
-315.24241 -23.96104 327.29904 2.7270660886810445 -1.3175026040982445 -3.002593533544689
-319.43593 -46.01989 327.86279 -2.289154958311067 -1.2238529504227 2.1868800621522224
-308.73659 -49.15202 342.41745 -2.0078185341970998 -1.308761297221667 1.916324362111
-333.27796 -32.90198 302.56513 2.2902084390296 -1.2468111855447335 -2.4148512999675225
-325.21147 2.04242 298.18297 2.2784356698269446 -1.1445853331370333 -2.7294969832217553
-375.80099 17.90654 306.7554 2.2165361726974555 -1.1715388013816554 -2.6728685548763003
-383.85275 -2.3105 306.29197 2.302498872879567 -1.2064223474803666 -2.5580000611815894
-363.34945 -8.71252 332.61205 -1.647406479011911 -1.2816615703882224 1.354869753680178
-308.2864 -25.921 308.38834 -2.110122228288111 -1.2357611571729998 1.7963462425853114
-309.74323 -25.47069 306.55598 2.1341953797173 -1.236630680191511 -2.397688081462033
-319.38826 -49.55518 299.54219 2.1784038707845 -1.1612458968265225 -2.1763588685348223
-321.41815 -71.31409 296.66206 2.109789743071278 -1.0769910012883555 -1.8705822502562333
-306.1728 -49.66971 320.12278 1.9892663826965666 -1.0198641069170333 -2.007771235775178
-336.65895 -17.63713 349.08772 2.2897550024976665 -1.3310336179593667 -2.5573188591861555
-321.37224 14.37479 349.82133 2.147484490948222 -1.2940129162280445 -2.7485130432295555
-334.08551 -12.41036 333.88077 0.8019841881317 -1.497506784366289 -1.141641311804989
-352.40286 -6.71316 292.26947 1.7158811549202777 -1.5153342751737555 -2.0538334410093
-356.78211 -23.51163 292.31046 1.7123943362001224 -1.5165839308968667 -1.8882818084317112
-350.15629 -3.15889 290.47429 2.637671896715122 -1.3360013485245779 -3.003102471545889
-315.22508 -90.61833 297.03647 2.396022164719422 -1.2390381873206444 -2.788334998362544
-327.09912 -73.59606 260.67841 2.6004782328578777 -1.1398807982185333 3.061744835280867
-390.80799 -21.1397 298.5956 2.6550897587541336 -1.2480803889551333 2.8639381224132334
-390.74285 -22.24151 298.5814 -2.546554715741022 -1.2254047226341778 1.7344270232356112
-390.74459 -22.24538 298.58527 2.0571226884615004 -0.9273864418142113 -2.754465663074867
-401.47591 -37.03686 294.83295 2.151225778668978 -0.9576286339122666 -2.6679263061177334
-380.40778 -38.41068 323.59726 1.8455182754275887 -1.1495352613441776 -2.4004767684933004
-314.64353 -42.65173 344.5558 1.9401208788584667 -1.107131091626911 -2.4859528708882555
-355.11209 -14.91222 314.56865 2.5760001650491335 -1.3151247675658888 2.825983320482178
-374.70443 -25.67657 293.90503 2.6506662218404116 -1.1735310946888224 2.8921792945580114
-382.16895 -43.40644 297.07496 2.9007198885740335 -1.215652695605011 2.842654705212844
-320.11221 -72.52231 320.78633 -3.0040170240583337 -1.3170126901855668 2.7176926235601777
-302.27189 -97.5067 287.55447 2.6342002623592005 -1.1703860114303777 -2.648513881843567
-297.7831 -71.17841 288.60531 2.453976170609156 -1.1282139704996668 -2.718979454795722
-347.95286 -42.95237 296.00552 2.3135841569015887 -1.0554644597273113 -2.827116562746167
-324.95475 -23.91713 313.46015 2.0757966639417442 -1.1274872154115334 -2.8357166724886667
-324.97137 -23.91413 313.43465 -2.8378775645987 -1.3514454177461777 2.029067393878889
-324.9749 -23.91003 313.42478 -2.0671688034646114 -1.1195325284154112 1.2224596541046
-333.87947 -34.7234 311.16263 -2.083337184313433 -1.0837677655924 1.3645509203429222
-341.42775 -46.57247 309.20822 -2.0894179113236557 -1.0474652668360223 1.4971992573573334
-342.49661 -68.99656 320.83781 -1.9894508639953556 -0.9944198248508667 1.6271529805855556
-342.48867 -68.9877 320.85736 2.8806386541419116 -1.3395757827716888 3.1085973255868113
-348.07361 -83.93139 316.84583 3.0276517487869 -1.314165709158278 3.106240433005122
-305.79263 -57.97209 368.22097 2.7381726657195777 -1.4167860059702 3.1213846546663446
-318.87056 -57.14361 349.97493 2.2532397481091 -1.1175976564396555 -2.641197985342778
-318.87687 -57.131 349.96301 -2.206743479497411 -1.0871690631806668 1.7102027262957777
-368.93388 -37.45171 338.16144 -2.719373724667022 -1.2232258536331555 2.0704168611471667
-361.62654 -19.34091 332.20558 -3.0980293571462556 -1.2378091264823556 2.229944140848411
-346.39807 -20.30689 352.12623 -2.5148118895777 -1.3198636854700667 1.6694471945618223
-382.35068 -18.01564 285.95856 -3.0692164151482775 -1.2459247328327667 2.2025323491500335
-337.94288 -33.12641 241.40919 3.0766511685691 -1.0795552389816445 2.4552169251532336
-353.30404 -87.01926 335.87144 2.9339010405493893 -1.2887552864790222 2.5220762988664336
-387.17488 -86.52788 339.65855 2.5058176844968223 -1.1834751079324335 2.841974899480789
-409.76067 -83.12393 277.40957 2.851433362134778 -1.2689777393315667 2.2793969971625443
-397.27896 -75.01431 294.32227 2.400078309831867 -1.3975191421531667 2.5868301074059445
-385.00664 -73.00164 311.82621 -1.8056776452719223 -1.0971846349223888 0.4988307996741111
-376.63129 -79.31454 334.50876 2.3368476501045894 -1.0635917597835112 2.831159443356522
-381.1364 -96.01246 351.37633 -3.1349366124781333 -1.1399045346959555 2.284872269465578
-392.09342 -113.70017 329.44206 -3.111599117316111 -0.9750576660582999 2.4140861476365
-350.59953 -119.49819 362.52264 2.9280163140108226 -0.8174300026825222 2.841819390647089
-317.11441 -113.92187 339.60176 3.137407125992189 -1.0237003405474778 2.6727266596105337
-370.56932 -98.61874 327.92682 3.0340731640613 -1.2130823492594442 2.530065019782389
-366.98676 -38.37973 327.30518 3.129674270340211 -1.0488742711171222 2.4423486127977894
-352.49146 -26.44051 348.52583 -3.103506200245589 -1.1921129167861333 2.272765095183945
-354.04133 -35.69427 355.93781 2.089518616819778 -1.2191183958415779 -2.7230493880090223
-322.70996 -66.88254 304.71372 2.559911720278689 -0.9914573030290666 -2.8580172675597666
-319.84983 -84.52266 320.46657 2.5975146638385445 -1.1299854796602222 -2.739571547091189
