4.6021062588366775 1.480718288044811 -2.346506651086211 0.7423487320692778 -1.4337769604814556 -3.9812223177245776
4.602118127075388 1.3618947037996223 -2.3278592046101445 0.9644282620291221 -1.5375004798947445 -3.981234185963289
4.6021301698470225 1.3585150482937112 -2.1428586703776444 0.8274127622348667 -1.5373926185488112 -3.9812223177245776
4.405097510489444 1.2998403959681222 -2.1428108483569557 0.8280838413208111 -1.7289006127863669 -3.9812462287349226
4.405157549814689 1.4971966393635001 -2.2116721146880445 0.6521913076344777 -1.5636620922712445 -3.9812102749529448
4.4049777809048 1.5130396908453 -2.3538050942947777 0.788476038083389 -1.7141599112413222 -3.981234185963289
4.206614831614044 1.7681359627677669 -2.3539848632046665 0.35970432418557774 -1.8766900298694 -3.9812582715065554
4.006418413975345 1.6082782922447554 -2.353649236395234 0.5279270086048556 -1.9156028430105336 -3.981366132852489
4.006765909023489 1.6080507013141778 -2.353649236395234 0.7131910875499111 -2.1444175984389333 -3.981330179070511
4.1728313665241 1.336008678907311 -2.1758153730150225 0.9877017036086889 -2.03779403999 -3.9811504101606223
3.975367261782789 1.403000523108478 -2.0134051585045114 0.5176444014921334 -2.2176411406280447 -3.9813060935272446
3.678158464656089 1.4031563810080223 -2.0133692047225336 0.41970944097726665 -2.7461935006932223 -3.9813540900808557
3.451860299433211 1.3787683721871444 -2.0135009770788113 0.38943722921658896 -3.155382795250622 -4.264673208191267
4.094825971331945 1.4599136146500777 -2.4295094474403554 0.7067794461191556 -2.0776414769296334 -4.2414716741756555
4.6550284805787445 1.2736307870380112 -2.0067898371535224 0.6265571337489333 -0.6653245609658555 -3.8942647798858
4.547302397660133 1.2027681516878 -1.8814708356749112 0.7117169824888222 -0.5079956979529222 -3.894252737114167
4.105935340897233 1.3356850948695114 -2.0585856234155666 0.6416451558092 -2.317218106875178 -3.8940609254326444
3.984247496865456 1.4608723239918444 -2.0586097089588336 0.7730283036704222 -2.2232019340629665 -3.8940609254326444
4.1422116597152785 1.4609082777738223 -2.058513715851611 0.3608068486552556 -2.2233817029728558 -4.217455245946189
4.235892205718056 1.4441183851889667 -2.0584418082876557 0.6298168851372778 -2.0618102936865443 -3.9438673854472004
4.235892205718056 1.2943995066507665 -2.0582740821494 0.6756563863626445 -1.6894724039259112 -3.9438555172084895
4.1861937815823556 1.3537215015848778 -2.0582861249210334 0.527579339023789 -2.2104626015370448 -3.943891470990467
4.267111258581789 1.6622313054254667 -2.0583939862669665 0.3055715420949778 -1.9011138179393334 -3.9439274247724447
4.2672070771560895 1.7936383642970333 -2.0583939862669665 0.054070648370288896 -1.9595490110956333 -3.9439633785544226
3.947396092068689 1.4420332403671778 -2.0582501711390555 0.6482126551395001 -2.5374402574767334 -3.7916678704854556
3.820998477130744 1.2897256895265778 -2.0581063560111446 1.2489099439344558 -3.2043743610513222 -3.472875459532145
3.6994064516732665 1.198873274995489 -1.8802843608696445 1.1900673909376889 -3.5544694261381116 -3.4697834342820557
3.7379237732126445 1.2502735696557778 -1.8803801794439443 1.004096104591789 -3.1527103471455558 -3.4728875023037777
3.8589524063971887 1.2503334344480999 -1.8803683112052334 1.1208703232642445 -3.5385544670923554 -3.472767598186211
3.9748639088351 1.1295325667270555 -1.880296403641278 1.3236435449666335 -3.381177607525811 -3.4710777704332556
3.844391648294955 1.4883881373118668 -1.8803562684336 0.6742184096164555 -3.0806011976648335 -3.4725038789407336
4.210234120822166 1.4843974420452557 -1.9618970024982891 0.2605588033221778 -2.0627930885715777 -4.006353138662433
4.3300523681911 1.7842186479517779 -2.287807913217356 0.6135902102924333 -1.9326084582872556 -3.6524710582292665
4.051562925104422 1.7840030997928333 -2.2924457765595667 0.4212434108306778 -2.1253985713714556 -3.808146047271222
3.800265711299967 1.783943060467589 -2.2924698621028337 0.3695793969249111 -2.449128518694433 -4.0262710102793555
3.8010086979498667 1.5243886941128002 -2.2923979545388775 0.7797753973776889 -2.6232233632818778 -4.0262710102793555
3.9383959528684556 1.5243647831024554 -2.292373868995611 0.7456442627066778 -2.6226601455418668 -3.813371213896711
3.9379285537027444 1.5241010638569779 -2.289078338358211 1.0799563156369112 -2.622743921344534 -3.4730670966807446
3.8657235856477223 1.5271450925534558 -2.293476393465289 0.6092518454447555 -2.320921346418889 -3.9646600160703
3.9225647696253665 1.2993489112591445 -2.0479796067979668 0.6092279344344111 -2.324636454201311 -3.9648158739698443
3.854302500283345 1.3867619800249222 -2.1162537443787 0.4404540750467556 -2.3246724079832886 -4.148545983061489
4.0463498012505665 1.3720931860438332 -2.116289698160678 0.7174694130723445 -2.3246724079832886 -4.0234427042747445
3.8649326024442114 1.4243445032328776 -2.116289698160678 0.5293171633303556 -2.8130774835484558 -4.023454747046378
3.7345202066963887 1.2752607499986444 -2.1162657871503336 0.8333568299669889 -3.020164810022333 -3.9835591390202114
3.734508338457678 1.275284661008989 -1.9952490222045003 0.8332489686210555 -3.1680620884513 -3.9800478856909445
4.058393969147278 1.2752967037806222 -2.013620881196378 0.6426878154865556 -2.3720579218337 -3.9801437042652448
4.008994868973189 1.4559588731654445 -2.0136807459887 0.4744653056002 -2.3712191166095002 -3.9818574430285447
4.009018954516455 1.8157253310713335 -2.4299049390421112 0.5938880613673777 -2.111892341185289 -3.9818574430285447
4.009054908298434 1.6742156085298556 -2.429545401222333 0.9097802587521223 -2.1118445191646 -3.9816897168902887
4.009066776537145 1.6737482093641445 -2.4295572694610446 0.809136721817289 -1.8492700351236777 -3.9816897168902887
4.0096540798204225 1.5267377327129887 -2.4294974046687225 0.7069232612470667 -1.851127589014889 -3.981905439582156