12.63923 -517.46666 99.47669 -1.7562506198302776 -0.8480043309315666 3.0330360894374557
39.64918 -557.83067 110.17414 -1.5730957712502778 -0.8396915023790444 2.999737825871289
34.31991 -605.73175 158.84057 -1.5064845833524778 -0.8371612986055889 2.950102582653433
-29.27402 -616.82798 123.95896 -1.5927535888130888 -0.8371897474719112 3.0087330781497
-63.16485 -558.5952 149.68463 -1.663965639073589 -0.8379018417945778 2.8965501225292227
-9.66061 -540.17962 125.82837 -1.6475803138024445 -0.8306950283701777 3.0344866325540445
-36.34008 -483.34848 131.14969 -1.8668538779717223 -0.748280233431 -3.1293620309423558
-139.50944 -492.89937 102.83652 -1.8507516451004224 -0.7454138792493444 2.9806704531843553
-90.07454 -531.4641 153.74959 -1.6107746366312998 -0.8217477726453778 3.0391152456513777
-81.59675 -618.65626 173.7054 -1.3587274548600556 -0.8955038147801889 2.9069636293336107
-146.29426 -599.3092 167.00927 -1.6750591261429557 -0.780984910528689 3.127022242587044
-148.16818 -545.70663 168.40567 -1.663363500491922 -0.6615616311627446 -2.937008075630789
-144.4484 -485.60817 186.1868 -1.5655543782139776 -0.8778009404791888 -2.821980233378089
-43.84549 -509.16549 51.14528 -1.9621148195852223 -0.932873058757189 -2.917288298880589
-154.65359 -493.79247 129.99898 -1.668735274772078 -0.8342689390185222 2.2486561645057
-234.17921 -481.30717 157.97605 -1.5493681950070888 -0.7236984930664556 1.8992838402498333
-39.43211 -614.40229 139.17358 -1.6485027202963891 -0.6957419841178222 -2.950111309299545
-145.30665 -607.33859 239.04641 -1.3596262994095 -0.8484534041404445 2.9138571561626225
-20.98902 -581.58676 142.26121 -1.8782138768133223 -0.9071982187007668 -2.8004013319403778
-33.09347 -618.52414 194.39783 -1.5509908275849886 -0.8094828206020556 -3.141363961871889
-148.50972 -607.67317 118.27002 -1.6951503089516444 -0.7879154383372111 2.8726101397196886
-13.71977 -606.3093 121.46524 -1.7546175152770445 -0.6875902494525111 -2.9031085461475667
-36.82236 -563.31938 223.85961 -1.6902021260737223 -0.7693086580320222 3.111162435944711
3.2952 -518.06475 223.27488 -1.8277073652477334 -0.7049765210326001 -3.0214884677044664
-66.73768 -592.37283 194.66283 -1.5474933623565776 -0.676277374499911 -2.954288929325856
-16.03148 -550.23923 147.06861 -1.6128955607021445 -0.8105614340613889 -2.3759826436557114
-62.38848 -504.05947 107.34883 -1.8494562617516892 -0.7807272999354888 -2.0196616401674112
-97.37966 -571.69232 177.07155 -1.5761303751689557 -0.7052562973069222 -2.5314544763762
24.78791 -504.50572 128.98053 -1.828061318014 -0.772397541689511 -1.8885162061462555
47.77862 -558.16625 105.98222 -1.7738430147915112 -0.8790678749616 -1.9486059714052222
-8.11832 -553.98136 259.73802 -1.5500455572782335 -0.6125627349793111 -2.5093093901388
-36.54252 -595.60965 172.19316 -1.8315526745901334 -0.7438594890440334 -2.9630588596016776
21.2133 -532.06762 244.12962 -1.4503136057961667 -0.5467168739454555 3.0602204647381774
-55.18314 -512.49826 189.34545 -1.661796369383289 -0.6185893567836445 3.089941152464634
-79.81835 -499.07589 186.31834 -1.6947143257119333 -0.7736053095112889 -3.0838180139543114
-77.89151 -536.63876 158.93513 -1.5614779872825555 -0.8948777651881777 -3.007785538914955
-1.41545 -539.61788 152.7775 -1.5847531741913445 -0.6523103390874334 -2.8551416631332334
-23.44734 -561.85962 208.72793 -1.3837024178983666 -0.598987913354711 -2.948994473130245
-117.7046 -529.54309 123.4973 -1.7222650456164001 -0.7098119556427667 -3.1328052164319558
-148.12559 -596.70825 118.31069 -1.7063047080108669 -0.7229092551921668 -3.082753363128756
-150.29268 -552.56852 101.34822 -1.8685402150662334 -0.7836664343457111 -3.0113245429788553
-67.11224 -602.66653 149.73139 -1.6007786125768666 -0.8633318121611222 -3.0307877563333894
-11.15981 -544.46476 155.85629 -1.6407426375085445 -0.7265742720259112 -2.6962242014622335
-55.91377 -538.76 126.03885 -1.5721756336843222 -0.8343741823706223 -2.6690672278303
-49.97136 -538.06733 152.73769 -1.5759520025224443 -0.9516941654908668 -2.5181782805815223
-61.68315 -622.79194 128.36828 -1.663265063923789 -0.7676207501412111 -2.9277297309525334
-73.93096 -596.98134 187.7873 -1.6522520365315665 -0.7787882391696 -2.9855496955580003
-67.98788 -493.98487 177.25688 -1.5965592791821448 -0.8296467836393112 2.9984167861829887
-93.50374 -524.07779 199.82988 -1.3546158082783444 -0.9087262544348222 2.8130970312357446
-163.66965 -493.5746 173.85287 -1.4927757204436114 -0.8532600408184444 2.6582861546917114
-154.47226 -483.99522 74.74819 -1.833777271216778 -0.7679921561997001 2.909248963417189
