0 -179.89875257658375 121.64806497196987 468.1669483252786
0 293.77478 592.3438 0
1 -151.97329709091315 109.38707263977831 470.36536338634534
1 349.55826 567.49 0
2 -123.9030188355357 97.04182943971423 472.68339091496614
2 405.16272 542.65765 0
3 -96.26495301101052 84.92475235102417 476.1384365484262
3 459.836 518.11633 0
4 -68.72936792486558 72.98135182056691 479.80103892594747
4 513.5832 494.19855 0
5 -41.15619246231986 60.89187015135191 482.4651598013839
5 566.4263 470.60535 0
6 -192.23005694622802 94.20019290861929 471.867158490761
6 272.68942 537.49493 0
7 -163.8404926997838 81.76979954697646 473.20502376403334
7 328.45493 513.0497 0
8 -136.31691664555558 69.73492106942103 477.1711127090538
8 383.68466 488.7642 0
9 -108.4333329112368 57.60836653449634 480.0341265421574
9 438.21396 464.95615 0
10 -80.95926126353825 45.628113676902196 483.87406750670993
10 491.63196 441.53262 0
11 -53.29838055349358 33.609403826815374 486.2580449912408
11 544.2597 418.5941 0
12 -204.43365739542145 66.65170445746227 475.61320043490747
12 252.21486 483.29453 0
13 -176.2836458123973 54.461165064486664 477.40884836068506
13 307.46497 459.5517 0
14 -148.3747311501093 42.34258047940339 480.41348512827636
14 362.5528 435.92102 0
15 -120.41193606416118 30.200236757209176 482.7591543988039
15 416.7474 412.617 0
16 -93.098192005857 18.30191810070894 487.4269656705468
16 470.03152 389.8329 0
17 -65.5292675424078 6.32689371396677 490.22800659261236
17 522.31525 367.3836 0
18 -216.3233124764929 39.11117283652149 478.1834223953605
18 231.64558 430.13913 0
19 -188.50131946643458 26.998163932563617 480.8597578209313
19 286.7095 406.7756 0
20 -160.53423632664018 14.957920855910446 483.6115964551361
20 341.4848 383.8034 0
21 -132.7006029346687 2.955200596189807 486.62158919108447
21 395.52203 361.1585 0
22 -105.39463931236844 -9.048328046603563 491.11481693567333
22 448.5049 338.84137 0
23 -77.63188798982692 -20.955355578267206 493.0858245673921
23 500.63693 316.90924 0
