0 15.260147286144239 95.80187683351043 522.3101386066743
0 670.86975 522.7243 0
1 44.618788859055606 100.80876386993955 517.766816030459
1 722.8165 533.00024 0
2 74.08649294420812 105.96808101148757 513.8373842011949
2 775.71954 543.50397 0
3 103.91989510215069 111.4918725833311 510.6565521691814
3 829.8195 554.52875 0
4 133.91545044686174 116.91698940907203 506.98597001441595
4 885.1216 565.71735 0
5 163.84493343328825 122.29243267053592 503.02572837977795
5 941.2815 577.1067 0
6 21.086717673166504 67.1235929249859 528.5397294852395
6 680.60956 471.32352 0
7 50.34237199345752 72.0628512616209 524.805229969894
7 731.7089 480.72095 0
8 79.83287772925658 77.29223438811927 521.6119114121026
8 783.8068 490.62012 0
9 109.77718476067949 82.70138781638559 518.7992198630646
9 837.2032 500.85052 0
10 139.62597025149446 88.10006011896249 515.1181295102131
10 891.4289 511.4362 0
11 169.5228844443126 93.26011460546981 510.33259301750934
11 947.17523 522.1087 0
12 26.916127985007822 38.59181132563146 535.2265558300676
12 690.0881 421.3137 0
13 56.137912923786054 43.58231418021593 531.250648317071
13 740.5968 430.36328 0
14 85.53616313717549 48.65458390262497 528.3750560652976
14 791.8644 439.51556 0
15 115.50510098390596 54.026729343541454 526.266513209086
15 844.3913 449.15137 0
16 145.71229206910823 59.367450958067884 523.2615509557883
16 898.1897 458.98685 0
17 175.6793002787755 64.48571332094795 518.8762151514821
17 953.0078 468.8468 0
18 32.70795949108131 10.181529327374811 542.0103492688023
18 699.2596 372.73923 0
19 61.97584120818363 15.198133842265367 538.9376837728632
19 749.1013 381.31683 0
20 91.32891170074718 20.232615418453634 536.2333654588961
20 799.55286 389.99957 0
21 121.30474786913865 25.30870873076421 534.0270468574378
21 851.387 398.8011 0
22 151.32270512868544 30.48631047101106 530.3260206795737
22 904.4549 407.9967 0
23 181.53832545933042 35.642686625371816 526.8894469603426
23 958.4532 417.2539 0
