0 54.93799379346481 68.29693485817688 470.9149413601523
0 750.62067 487.75107 0
1 82.61405893293609 75.0554946000557 461.43527989973313
1 807.50696 503.80893 0
2 110.75379862105068 81.98330795471924 452.2305071555629
2 867.5794 520.7811 0
3 138.75341565777302 88.7894833772071 441.7466731621544
3 930.6867 538.7371 0
4 166.45349189515827 95.30170206191254 430.59919274002834
4 996.7713 557.25543 0
5 193.61202173376552 101.5906636851399 419.297006695305
5 1065.3463 576.35455 0
6 61.049814594196434 38.973357815542414 468.6900503295865
6 763.0185 431.38052 0
7 88.89953831712724 45.57067319927483 460.029810341384
7 820.46674 445.87158 0
8 117.08926448086457 52.413487372137624 451.453150849462
8 880.76263 461.39462 0
9 145.20275424581234 59.079935328945155 440.87401612047375
9 944.59503 477.7081 0
10 172.78360568016916 65.57491983032801 429.11823459334823
10 1011.4414 494.8414 0
11 199.918937797603 71.9266421645879 417.797671833321
11 1080.6249 512.4636 0
12 67.52135353150985 9.754718438184108 467.65402980089476
12 775.9023 374.62875 0
13 95.26537087470727 16.25289744781975 459.07787998159245
13 833.4786 387.87906 0
14 123.53424197666374 22.825070294830784 450.257399116232
14 894.44525 401.80853 0
15 151.64969055852626 29.449466440570205 439.75699876949886
15 958.7282 416.6346 0
16 179.1880705816703 35.937915768835374 427.96425560784854
16 1026.0797 432.12784 0
17 206.4083564456511 42.42088290738572 416.7554293825182
17 1095.9174 448.357 0
18 73.90304107628252 -19.420649512516487 466.941411287275
18 788.5676 317.73572 0
19 101.72310609743809 -13.126765620202896 457.97113921071997
19 846.7959 329.51364 0
20 129.81038185492585 -6.649973509517573 448.5416869297854
20 908.16345 342.11948 0
21 157.93519455126497 -0.16278871700053352 438.0874242302209
21 973.0119 355.28748 0
22 185.43425544472072 6.352503593841299 426.32586804564977
22 1040.9092 369.20068 0
23 212.6452727460656 12.847146406048584 415.24707288183265
23 1111.2562 383.81155 0
