0 55.74478182651989 91.8481999164307 495.61368206522576
0 746.80304 524.45764 0
1 85.40713090502074 98.50940113187163 496.5201859871708
1 801.0994 536.3714 0
2 115.52892827102151 105.241807834892 497.1465009480003
2 856.15967 548.4808 0
3 145.5136588365166 111.78999380233914 496.8693393929271
3 911.315 560.59454 0
4 175.12332631543984 118.02938775068247 495.5971275516777
4 966.48883 572.5901 0
5 204.64462855773792 124.29622183591367 494.944754256043
5 1021.3108 584.4111 0
6 61.39569015410547 64.70221796729547 506.92017806923764
6 754.6817 471.90628 0
7 90.88818532829518 71.09744474806456 507.3259550124923
7 807.6112 483.29733 0
8 121.25608189703259 77.91864548660259 509.4178715986166
8 861.3076 494.97174 0
9 151.04425418415258 84.29354925036809 508.5919528939829
9 915.07623 506.6171 0
10 181.11702380253152 90.92654632991308 508.6054837978747
10 968.994 518.49414 0
11 210.60531876457472 97.1271758125783 507.43810879041325
11 1022.73975 530.001 0
12 67.06692698882577 37.76868174551022 518.3884599201699
12 762.2155 422.00076 0
13 96.58831215972866 44.10496528863353 519.6552921736658
13 813.7385 432.9472 0
14 127.00870286151363 50.715485260743336 522.2053745371053
14 866.03845 444.10205 0
15 157.3165627326204 57.336407284174335 522.7813611707993
15 918.66693 455.54242 0
16 186.95514843659888 63.57946217043537 520.9105351200633
16 971.5436 466.8197 0
17 216.16365607740315 69.77046894382475 518.680554936412
17 1024.3087 478.17172 0
18 72.8489568015679 10.940181958896492 531.1624704926622
18 769.30566 374.38992 0
19 102.54848113695496 17.17902499678879 532.5183232128949
19 819.85144 385.01538 0
20 132.67299573908718 23.596771126006598 533.9130602270207
20 870.85 395.88922 0
21 162.61425735064734 29.87711732099014 533.4230302466549
21 922.24945 406.65222 0
22 192.37320896825102 36.22394984603759 532.3659725760374
22 973.7821 417.61462 0
23 222.06809417591538 42.52620216013766 531.2501187987987
23 1025.452 428.55228 0
