0 -77.16349586498842 10.567995893296436 446.71141664970145
0 486.687 377.17822 0
1 -47.784153134676856 16.845049633227706 446.52187469668195
1 546.62646 389.99414 0
2 -18.269080201503826 22.999716531472767 445.6437280659795
2 606.8365 402.64368 0
3 11.033068118192988 29.17221424433173 443.8854241025297
3 666.8925 415.49817 0
4 40.26114944836959 35.379317121375486 443.2630788507684
4 727.0606 428.3394 0
5 69.52652130020915 41.70658108775457 443.9889279651371
5 787.03973 441.20337 0
6 -70.80349581767406 -18.502033966934864 450.12816695401204
6 500.76883 318.17963 0
7 -41.416759606488185 -12.303255415379896 450.257883603212
7 560.33356 330.73254 0
8 -12.053502092369401 -6.009187834726092 449.12700020462063
8 619.7479 343.43686 0
9 17.24321736540032 0.19412685495285217 447.73319994021324
9 679.3474 356.021 0
10 46.36306059438103 6.385560275421602 447.44125618904286
10 738.7244 368.62738 0
11 75.66269513695045 12.528977468642664 447.92515043986754
11 798.2784 381.1082 0
12 -64.66469952303453 -47.61486713249337 455.1309118999496
12 514.6468 260.31726 0
13 -35.19620213862193 -41.2935832635816 454.0166234259121
13 573.5236 272.76746 0
14 -5.871156629215992 -35.02738123378676 453.21389399743174
14 632.4094 285.21655 0
15 23.310613563262837 -28.656651428933884 451.64186419756845
15 691.2954 297.82202 0
16 52.45024160018317 -22.449282039933976 451.05611035242265
16 750.27496 310.28424 0
17 81.78397538024156 -16.331735590306888 452.37949069726517
17 809.1021 322.7366 0
18 -58.34412588212749 -76.5206724508663 458.03952705863986
18 528.05457 203.43033 0
19 -28.991833400152647 -70.26417643530375 458.05623037339683
19 586.50024 215.87927 0
20 0.25998728891560385 -63.97757516054328 457.6834388617891
20 644.74207 228.2789 0
21 29.522134879566355 -57.59795388199071 456.25218044368467
21 703.236 240.61786 0
22 58.584090219720444 -51.33764130444813 455.93447607526855
22 761.4098 253.04665 0
23 88.16673166555772 -45.34565392885169 456.85272249185704
23 820.2295 265.20154 0
