0 -72.04427208219929 88.155103986095 559.7903190206687
0 526.85004 499.09186 0
1 -42.6363027733424 88.79093859768113 566.7362790583518
1 575.6126 498.35562 0
2 -13.204961244559188 89.19243618536271 571.8773845988819
2 623.1653 497.7121 0
3 16.02868771606447 89.6553699538924 577.3082651784678
3 669.5454 497.106 0
4 45.25061199748443 90.25013125139752 583.5255100379537
4 714.94727 496.52713 0
5 74.62625659425505 90.9771848041203 590.4352798146042
5 759.4942 496.0 0
6 -73.6096967712495 59.753695888939575 570.4140586698712
6 526.5332 451.05954 0
7 -44.07078581994134 60.22293224633496 576.2633421069792
7 574.4767 450.83267 0
8 -14.686706947963973 60.74986860199986 581.6582633128186
8 621.1961 450.77493 0
9 14.476682697683955 61.33024534969672 587.675262132804
9 666.6902 450.70044 0
10 43.70219663667441 61.93162419266744 593.7322068101994
10 711.353 450.6533 0
11 72.81015133624969 62.444661234164 599.5006471362093
11 754.98834 450.51855 0
12 -75.04018944055653 31.259069051586405 580.1419870416767
12 526.2579 404.7132 0
13 -45.683653411652614 31.834576470860696 586.7117156627697
13 573.2117 405.05716 0
14 -16.37767828979184 32.402295363466855 591.3889022687387
14 618.9673 405.54077 0
15 12.86590918678751 32.882778171677856 595.4757406062935
15 663.9289 405.9333 0
16 42.037758630316944 33.57832705110509 602.2081843792241
16 707.8875 406.4231 0
17 71.177481511055 34.23054022689336 609.1503158892476
17 750.7893 406.8196 0
18 -76.78302057548815 2.759630032162849 590.1591412189899
18 525.5669 359.886 0
19 -47.33116779970282 3.379248144449242 595.909065784732
19 571.78625 360.79214 0
20 -17.851224976990952 3.9904749221678206 599.9744972439831
20 617.0888 361.68524 0
21 11.339909494826218 4.632052706969742 605.5716964803806
21 661.3022 362.59442 0
22 40.46987355042428 5.271135014556404 611.3123735278189
22 704.6003 363.48138 0
23 69.56037969046609 5.966229381160647 618.1366855810119
23 746.8542 364.4191 0
