0 -48.05123830834902 62.78918974074486 588.8034203823754
0 569.79675 452.7756 0
1 -26.57893641014171 41.85875283922874 585.1266233505895
1 602.7968 420.79828 0
2 -5.1389033377222075 21.03317993064805 580.9763139864243
2 636.15704 388.6077 0
3 16.19173963096523 0.2878150279427888 577.2493489987293
3 669.8056 356.08023 0
4 37.400647192646645 -20.372140254112708 573.6468617090522
4 703.685 323.2727 0
5 58.689238582015115 -41.01653048281874 571.6189154081511
5 737.86145 290.25595 0
6 -68.97294744681996 41.25301138630221 591.3873634396833
6 537.8576 419.1752 0
7 -47.43826098084913 20.35458722672545 587.8878996618098
7 570.6318 387.16837 0
8 -25.93393669884984 -0.4959458580234374 583.7557322655884
8 603.7072 354.85202 0
9 -4.482238263130672 -21.261422376268936 580.0255287115897
9 637.17633 322.23175 0
10 16.822619090820357 -41.864912912394296 575.9947950231731
10 670.8602 289.41074 0
11 38.037151160959475 -62.58091306960974 572.8689599837415
11 704.77905 256.10538 0
12 -89.86446162416267 19.622105284791594 593.6074959338463
12 506.15814 385.7403 0
13 -68.25503278015515 -1.2404099970799431 589.4384097046263
13 538.6167 353.70886 0
14 -46.71212764141745 -22.07389364499039 585.6056685341911
14 571.4758 321.286 0
15 -25.28060375855278 -42.860606722166644 582.7145213138501
15 604.65735 288.61765 0
16 -3.86495536132611 -63.47784927180474 578.4388782572039
16 638.13025 255.65105 0
17 17.411676589959956 -84.13320216215709 575.0160546915408
17 671.83984 222.33098 0
18 -110.8016588100965 -2.011412868085971 594.9845661054835
18 474.38467 352.5462 0
19 -89.17222494199177 -22.882127371142555 591.4212626413796
19 506.71524 320.3787 0
20 -67.67957864666153 -43.77130381233811 588.7991203975953
20 539.3934 287.90103 0
21 -46.100190474424686 -64.48639400982346 584.6195266539281
21 572.30774 255.13637 0
22 -24.635176530766863 -85.09498737764748 580.4198696783734
22 605.5151 222.06238 0
23 -3.2671452836486674 -105.83242670218752 577.1279520256733
23 639.0611 188.56575 0
