0 40.990617039053085 101.2001793317345 502.5285528504501
0 718.6152 539.0884 0
1 65.6194617769992 84.27305147280137 500.5437312631605
1 763.78467 509.00757 0
2 90.44484290218111 67.46367201539435 499.1359668633951
2 809.48206 478.7599 0
3 115.46129154401439 50.671906617282524 497.8454429632742
3 855.7382 448.3515 0
4 140.6047371050781 33.73359224386819 496.1811626869147
4 902.6626 417.5628 0
5 165.96062820466585 16.7315055252327 494.41582845278435
5 950.3572 386.4557 0
6 24.054874721412016 76.28226436797213 503.28392596296203
6 687.8141 493.70798 0
7 48.56064661937207 59.287263249217055 500.3765637372976
7 732.73254 463.5681 0
8 73.17080369329526 42.46374653260526 498.77173829411174
8 778.0171 433.18692 0
9 98.06698287520288 25.65253339332834 497.91905664369506
9 823.8469 402.56113 0
10 123.22259879347507 8.727558235022174 496.8330033749487
10 870.4162 371.62927 0
11 148.40827355112154 -8.304802215398611 494.9228888958577
11 917.6994 340.33914 0
12 7.223503390335159 51.563928374393285 504.19387653671043
12 657.29016 448.79575 0
13 31.689998551131758 34.611871204440796 501.33896707274937
13 701.87256 418.52158 0
14 56.248965014281616 17.75385942941967 499.3077756462423
14 746.965 388.01898 0
15 80.79066579676619 0.8871628189415575 497.16816621463573
15 792.4265 357.25165 0
16 105.72587890533498 -16.063721202735284 496.1486719498416
16 838.5662 326.13016 0
17 131.05418232472698 -33.17311038361211 495.4068790577965
17 885.4847 294.62308 0
18 -9.714718302512072 26.93567255358243 505.64931514130666
18 626.7022 404.1554 0
19 14.890961233649222 9.9402305035756 502.095917093445
19 671.2719 373.66183 0
20 39.32914304944143 -6.916638025066284 499.55848272151525
20 716.02423 343.0125 0
21 63.8594201814678 -23.739596546486187 497.37787810911135
21 761.3184 312.14362 0
22 88.55954857289002 -40.72921728973224 496.147492858752
22 807.01196 280.83975 0
23 113.62800434795001 -57.845254223053935 494.92240017410285
23 853.6092 249.14868 0
