0 62.245994633068555 31.21030687573459 552.2384222383978
0 747.0215 407.11304 0
1 88.52773149332745 17.09684666722442 550.5771863142413
1 790.86615 383.91544 0
2 114.96258438099655 2.9163696253570954 547.8741195585649
2 835.5938 360.4754 0
3 141.60525224383213 -11.37671200816192 544.6941426381602
3 881.32007 336.5981 0
4 168.33412790511656 -25.70814764135946 541.098604418827
4 927.9463 312.34265 0
5 194.72034180880038 -40.04633554325294 536.0301281380404
5 975.52277 287.56473 0
6 48.28802919476519 4.896075935289629 554.7781930867314
6 723.6052 363.666 0
7 74.29651903103823 -9.218544991724029 551.2634529713768
7 767.1396 340.39145 0
8 100.67485994864336 -23.502958872758466 549.1997209495688
8 811.4056 316.6391 0
9 127.09010768347252 -37.80331871483064 545.9951921718812
9 856.50964 292.5495 0
10 153.842628968925 -52.232838763105136 542.8585143446128
10 902.68066 267.96964 0
11 180.30504891305884 -66.61146821678378 538.2713007823949
11 949.7192 242.88698 0
12 34.35670740657372 -21.333832440204212 556.7866798708458
12 700.49963 320.71948 0
13 60.28119963991579 -35.454361148156906 553.2869926195583
13 743.588 297.24847 0
14 86.4286869744521 -49.67542309195421 550.2579797386029
14 787.4722 273.38248 0
15 112.92714187921024 -64.1306603163099 547.916615473991
15 832.191 248.99641 0
16 139.44804929409887 -78.61898166505716 544.4299395203503
16 877.8215 224.06963 0
17 165.89637081269785 -93.0420933181092 539.9015748203898
17 924.45746 198.629 0
18 20.444077488306764 -47.54123542583352 559.4379955059123
18 677.5523 278.20746 0
19 46.44835639355339 -61.772422914860506 556.3915307795755
19 720.35956 254.48189 0
20 72.45747122543733 -75.96062958171531 552.7293035235084
20 763.7792 230.42651 0
21 98.74957023106717 -90.4285866671175 549.7593260833385
21 808.0415 205.77501 0
22 125.15256226153748 -104.89133716893652 545.6894517605741
22 853.3904 180.51213 0
23 151.61196659969895 -119.39332275525919 541.7780494674413
23 899.4411 154.86234 0
