0 -80.87334095547008 79.05169298756844 460.88024528110844
0 484.189 511.88663 0
1 -52.059713480900164 70.24553154819223 463.77309499348866
1 541.849 493.61346 0
2 -23.210440563698654 61.30092894925032 464.7433386367117
2 598.67615 475.79166 0
3 5.4145553887922695 52.40975581405735 465.8549021891075
3 654.8241 458.11752 0
4 33.94956535425863 43.67106578476826 467.20730228868985
4 710.4948 440.7811 0
5 62.48473070544205 34.946655629179965 469.44168395510667
5 765.61597 423.44485 0
6 -89.74287524581997 51.576180216432604 470.07531669675996
6 470.1114 455.58185 0
7 -61.01812794751651 42.9123707419309 472.8001285638994
7 526.5233 438.3119 0
8 -32.17057872583607 34.036331217628245 474.03345700721843
8 582.33014 421.03842 0
9 -3.504757042869474 25.26283542454332 475.07684318150723
9 637.4959 404.07053 0
10 25.070591618840282 16.414126280380835 475.6959543092382
10 692.2894 387.0611 0
11 53.457604492958275 7.789728363273628 477.22142857415
11 746.3855 370.4966 0
12 -98.6119297006223 24.265086980612306 478.9315448607971
12 456.4421 401.7827 0
13 -69.9897123288384 15.46800050283948 482.017337855145
13 511.79922 384.86066 0
14 -41.12875827393551 6.764969616676589 483.4638807770372
14 566.63873 368.3736 0
15 -12.429172897100324 -1.9857717353580653 484.4583528734681
15 620.82574 351.89178 0
16 16.133354272972696 -10.623996986242298 484.5540755336011
16 674.5895 335.65167 0
17 44.529548102297404 -19.236770414771918 485.84301498455176
17 727.8132 319.55463 0
18 -107.55423635958132 -3.052918872877152 487.592882890843
18 443.05185 349.92194 0
19 -78.81320634888144 -11.798136206805598 490.08422009470246
19 497.55917 333.69446 0
20 -50.09050453775113 -20.55550601527822 492.3355168809711
20 551.436 317.59012 0
21 -21.345343701255313 -29.170073124586644 492.7895231589358
21 604.72015 301.69946 0
22 7.222061875168988 -37.84148134778107 493.9184597086832
22 657.5593 285.82858 0
23 35.689610544833585 -46.292687023571006 495.01591516605424
23 709.9777 270.4299 0
