0 -107.89115491095282 8.70877408379413 602.6052800782891
0 480.93738 368.7919 0
1 -79.9697231707063 -2.560308439212783 605.3556446046772
1 523.7446 351.77292 0
2 -51.997483806541936 -13.712557145747384 607.0112973346835
2 566.1002 335.04587 0
3 -24.21523469928476 -24.841281102947633 609.1130824270701
3 607.9673 318.47226 0
4 3.52904724909784 -35.94226504383731 609.218372919613
4 649.507 301.87842 0
5 31.031812333285252 -46.92248901520166 611.4941675439977
5 690.50604 285.71988 0
6 -119.4405658832657 -18.17204275633856 609.6883404341103
6 465.5581 328.47272 0
7 -91.51236719125403 -29.37914018701041 612.7184060841159
7 508.01163 311.9438 0
8 -63.70620142138269 -40.5896393829604 615.5899797931776
8 549.8423 295.55704 0
9 -35.70227786930276 -51.60798278745053 616.7975417151856
9 591.4341 279.40042 0
10 -7.969255031516786 -62.53484977974918 617.4857518517176
10 632.4537 263.36426 0
11 19.671556971749023 -73.57325551217494 619.3119134160765
11 673.19257 247.39865 0
12 -131.06811628247954 -45.01748565389781 617.2228815224656
12 450.5583 289.18048 0
13 -103.25493923928545 -56.29686157349812 620.8410202391732
13 492.54407 273.01645 0
14 -75.05282737953104 -67.34646215123654 622.3707632571134
14 534.2435 257.04526 0
15 -47.29554548391227 -78.49040889988339 625.2749594604472
15 575.24023 241.26656 0
16 -19.50720980112411 -89.33232183822558 625.8404666306085
16 615.7971 225.58765 0
17 8.133991448957708 -100.25204508571885 627.248058195431
17 656.05066 210.01962 0
18 -142.4624507330849 -71.81582441314679 622.8604809906509
18 435.62735 250.58572 0
19 -114.54629442977057 -83.05529995053693 626.4976009561666
19 477.4765 234.85173 0
20 -86.74232536232044 -94.11464087189746 629.4767442490221
20 518.54895 219.41757 0
21 -58.6736435211462 -105.00890353998703 630.3357833793344
21 559.3316 203.85785 0
22 -31.011473943261183 -116.07192043093606 633.0134441359509
22 599.5446 188.57822 0
23 -3.27915870970849 -127.25461448414707 635.8858436924235
23 639.52094 173.31165 0
