0 -34.155135735904416 39.229881966224944 601.8014197212386
0 592.46326 415.01285 0
1 -5.044707637446546 32.10798047221411 598.7256326707219
1 636.5397 404.4813 0
2 24.00865025371348 24.995292439016175 596.6547177312145
2 680.922 393.79068 0
3 53.05574918951001 17.920356402124174 595.4336632591377
3 725.48773 383.04425 0
4 82.18470178720843 11.04001551433401 595.6849740744058
4 770.0505 372.51016 0
5 111.657127131376 4.0156967376960475 596.7516614647668
5 814.8678 361.75647 0
6 -40.89243125284214 10.544703580355966 607.2790969921283
6 582.81213 371.44476 0
7 -11.59231781560221 3.4964929506036184 604.3569491309951
7 626.7306 360.89667 0
8 17.37338361428663 -3.450458817761274 602.5877753396431
8 670.5183 350.40945 0
9 46.29996942160756 -10.49906473220723 601.4083877178177
9 714.4356 339.72195 0
10 75.41246480889643 -17.480084607449136 601.3917587937219
10 758.5864 329.14633 0
11 104.76274485692497 -24.557613975577848 601.8875761272245
11 802.965 318.4556 0
12 -47.603662103769906 -18.10644860998711 614.1658741980818
12 573.5349 328.76797 0
13 -18.402267373366133 -25.004789521439548 610.7699719875395
13 616.7456 318.32916 0
14 10.727504513048942 -32.009073349514615 608.7733209721513
14 660.2949 307.72507 0
15 39.64566145522354 -38.939831779895066 607.6783054811181
15 703.72437 297.24832 0
16 68.70605095673606 -45.971990149381234 606.8069044157514
16 747.4864 286.6069 0
17 97.9908057275925 -53.06313106234928 607.1256794449473
17 791.42285 276.0026 0
18 -54.37762152932258 -46.90787261968493 621.2921122872183
18 564.4021 286.84375 0
19 -25.186649055869037 -53.75385094607243 619.0318689710462
19 607.11707 276.51752 0
20 4.045310505896827 -60.5762879598529 616.301945724683
20 650.21027 266.08218 0
21 33.06148196026811 -67.49923964051825 614.6113883186019
21 693.2831 255.57423 0
22 62.08477806380373 -74.54654950910133 613.4309467387101
22 736.5273 244.91562 0
23 91.31141134555494 -81.60308510202405 613.272201261142
23 780.0145 234.40446 0
