0 -48.54677572985114 88.34303051857037 579.8405190498909
0 567.8669 494.42624 0
1 -19.095505199424956 81.56643668344176 579.7381371626619
1 614.1842 483.80182 0
2 10.244333380092172 75.0818577572936 580.6020039494529
2 660.31573 473.43622 0
3 39.32523246082494 68.41625707742192 580.5559237213309
3 706.00073 462.9858 0
4 68.60710819368705 62.030018904239874 582.0708584698774
4 751.71967 452.7111 0
5 98.37000435311309 55.83466722619842 585.5122934352609
5 797.44714 442.50092 0
6 -54.871514689519536 60.621896394835275 589.438345606944
6 559.3243 449.32126 0
7 -25.504490948643397 54.10952531520521 589.9198722680608
7 604.7945 439.18768 0
8 3.7723210937495737 47.46915436299594 589.8432102104186
8 650.0567 428.94244 0
9 32.827997274642875 40.98111203899973 589.4838294785571
9 695.01306 418.9602 0
10 62.02062151355032 34.57039149702526 591.4541249352609
10 739.8581 408.8748 0
11 91.44435030806032 28.160799000550973 593.9721197746628
11 784.6309 398.8182 0
12 -61.35125057100755 33.21040110765227 600.4019811646115
12 551.0319 406.01764 0
13 -32.02499970890843 26.64573625227316 600.8343969306711
13 595.6133 396.02768 0
14 -2.601681355997861 20.094685409126118 599.1940402845452
14 640.2641 386.17804 0
15 26.45121958550744 13.665756437788968 599.7824423917345
15 684.4447 376.3831 0
16 55.512675688247384 7.178362143977945 600.6334541607565
16 728.51483 366.51385 0
17 84.68298579048749 0.7019345348409587 602.3385629358746
17 772.44324 356.68765 0
18 -67.98043102483314 5.708823066126198 611.4365387201027
18 542.8258 364.13193 0
19 -38.48109207398709 -0.8214865111117016 611.2189218691713
19 586.80597 354.40158 0
20 -9.190674516403202 -7.2691994516542895 610.2274813742176
20 630.4882 344.7737 0
21 20.05471829966627 -13.682585873693995 610.1578079645159
21 674.1999 335.19675 0
22 49.12491228675379 -20.172734829548418 611.0859481297396
22 717.53973 325.55215 0
23 78.28861045391032 -26.567685588579952 613.0401486863416
23 760.6922 316.1447 0
