0 -46.632779512523186 32.72373338545395 496.8471280416236
0 558.6255 415.6281 0
1 -17.31934704022109 25.804134933710777 495.8071046334008
1 612.36615 403.0396 0
2 11.934756493336943 18.968522969085768 494.5446342202109
2 666.2333 390.56854 0
3 40.90071929083689 12.20715721478192 493.8714341354132
3 719.7532 378.14386 0
4 70.10698244469626 5.473023984770331 495.3257702940789
4 773.3067 365.69214 0
5 99.59805571495025 -1.266673652868401 497.2073605418483
5 826.9124 353.3051 0
6 -53.27493020105719 4.615292091264876 506.02347094397345
6 548.2066 363.93512 0
7 -23.912631020402173 -2.171019417356714 505.6197515292912
7 601.09186 351.7143 0
8 5.320829495503679 -8.92743916498784 503.54338516117537
8 653.86096 339.47437 0
9 34.356302541287 -15.59695803307232 502.5908764227657
9 706.56726 327.3543 0
10 63.49692913833007 -22.467055525279832 503.2843089165488
10 759.28735 314.9574 0
11 92.83979582467373 -29.240074815617106 505.11919746042406
11 811.8487 302.88953 0
12 -59.887437565057226 -23.449699502855356 514.8812634973241
12 538.14575 314.13474 0
13 -30.504940558864305 -30.256682680356025 514.2655836221018
13 590.1261 302.02655 0
14 -1.235238688526612 -36.86881287132973 512.7314472696355
14 642.02686 290.1178 0
15 27.907784143297413 -43.684095802774124 512.3057902306656
15 693.9054 277.94397 0
16 56.92019448430662 -50.231770326069096 512.0517549410472
16 745.6035 266.25613 0
17 86.25203498778544 -57.19694572864898 513.2382341855126
17 797.4908 254.09929 0
18 -66.50878229474901 -51.61555006405804 523.8324994941765
18 528.4305 265.85944 0
19 -37.210656431532904 -58.304960081396125 523.222161705097
19 579.3637 254.10735 0
20 -7.833198281477511 -64.82573882760514 522.1400199297068
20 630.542 242.51965 0
21 21.327545637118902 -71.45725639020803 521.1525961916536
21 681.54675 230.71292 0
22 50.349084226988175 -78.11452619114507 520.592720846529
22 732.4286 218.92862 0
23 79.73785625824866 -85.09582679297347 521.855675958316
23 783.57556 207.072 0
