0 -53.21538553105822 62.9205227107485 499.7684450813396
0 547.1135 470.32245 0
1 -23.828153588192936 56.26082190082656 499.84285351934943
1 600.7475 458.16736 0
2 5.495767822469047 49.78935773686833 500.8780318085799
2 654.2308 446.18488 0
3 34.67813353199109 43.25212536496685 501.39027034992716
3 707.30194 434.21432 0
4 63.80761179769108 36.84632891770886 502.64222747603657
4 759.99805 422.40836 0
5 93.3332685752071 30.54230602707234 505.63505585437287
5 812.56775 410.65494 0
6 -59.80921311545089 35.53167675928307 511.62790273509444
6 537.61066 418.89456 0
7 -30.369387513740875 29.03998027546522 511.82388026542264
7 590.10956 407.3155 0
8 -0.9982408004843832 22.431037979568 511.0498382564157
8 642.44257 395.61243 0
9 28.139579858641063 15.961162103838907 511.28397870844276
9 694.41815 384.06595 0
10 57.29041283095299 9.555703394724583 512.7057244178969
10 746.13275 372.60535 0
11 86.69176590990271 3.1838805539623167 515.4324055877195
11 797.6164 361.25345 0
12 -66.33327220864237 8.117828007309354 522.866320394568
12 528.52264 369.7701 0
13 -36.870501208316064 1.6620165835746743 523.202168919214
13 579.95416 358.51996 0
14 -7.407366827808925 -4.779023941952059 521.6596474639097
14 631.27386 347.28 0
15 21.69772596353588 -11.21792030800386 522.086380128711
15 682.12665 336.05124 0
16 50.747619032934914 -17.658892670944557 523.0593594031401
16 732.7075 324.86935 0
17 80.12539332150645 -24.144771505573683 525.5364311555307
17 783.2721 313.77106 0
18 -72.87205200067669 -19.397617360897218 533.50670435723
18 519.65247 322.5026 0
19 -43.40170223495964 -25.773316472767572 533.0798749753319
19 569.9713 311.5802 0
20 -13.935791873337278 -32.095910725479456 532.5743996414483
20 620.3597 300.72302 0
21 15.244404114769138 -38.510296916977026 533.0298243643069
21 670.30695 289.80692 0
22 44.33633299155951 -44.91923723126165 533.9571766045126
22 719.95105 278.98654 0
23 73.54183254181369 -51.33180081047512 535.5198531408313
23 769.4679 268.30124 0
