0 -122.47275704197354 83.16532383866975 534.7060891691071
0 435.33188 497.3207 0
1 -95.3667221245789 70.52436791777961 538.1904076192965
1 482.61758 475.0055 0
2 -67.91434275407023 57.84207424679436 540.0556146292668
2 529.5353 453.1995 0
3 -40.63284878532757 45.08156958733681 540.9882997773898
3 575.72455 431.54276 0
4 -13.311565846188795 32.36686362251955 541.4795830421226
4 621.8035 410.0819 0
5 13.77976914500811 19.658311526557235 541.132717184037
5 667.44794 388.7215 0
6 -135.43787370040963 56.292614409317565 540.3490548479259
6 415.63074 450.53415 0
7 -108.13230583972069 43.630139323877856 543.3827044704761
7 462.73624 428.7748 0
8 -80.6748313029678 30.878015649957455 545.077490384579
8 509.2415 407.23407 0
9 -53.291187939456364 18.24116495748161 545.9545302064365
9 555.20215 386.06445 0
10 -26.033973769860392 5.583611619879734 545.9556586626518
10 600.73486 364.94318 0
11 1.1613116125725427 -6.993778691192461 546.5583978829535
11 646.1618 343.9686 0
12 -147.81368267661406 29.324098483698023 543.9015489850225
12 396.37222 404.7429 0
13 -120.455883195568 16.637070791790226 546.1916086088632
13 443.09222 383.3757 0
14 -93.27637912667038 4.028095796723255 549.0774584496894
14 489.2939 362.30933 0
15 -66.10108641004935 -8.60543860855008 551.044522151024
15 534.8234 341.39902 0
16 -38.75440921871337 -21.27359018228074 552.0996848443239
16 580.2061 320.52255 0
17 -11.498581738681857 -33.787808646601675 551.9337532003993
17 625.22394 299.85614 0
18 -160.5403269926813 2.4368811494797837 548.1670177880983
18 377.12704 359.67593 0
19 -133.3138175755956 -10.22190866164686 551.153418487058
19 423.62662 338.72992 0
20 -106.12743471582023 -22.870688688089025 553.957200899037
20 469.50137 318.01373 0
21 -78.83963341427221 -35.51052637031668 556.0319288054925
21 514.9109 297.44464 0
22 -51.533733953945905 -48.08532747357672 557.2199447385738
22 559.87836 277.00974 0
23 -24.211892006061568 -60.588062180771686 557.2221526977463
23 604.5964 256.569 0
