0 34.195396743055824 90.13771701791386 504.9841380481807
0 705.9812 518.239 0
1 63.29385066020328 91.03849007548442 497.6993161382358
1 760.2064 522.268 0
2 92.4312689997074 91.93315834600287 489.9569942173612
2 816.2756 526.5648 0
3 122.14302442295902 93.18051177963952 483.49528665503993
3 874.61957 531.19965 0
4 151.76511577234785 94.20579115864423 475.76037224326797
4 935.14923 536.0174 0
5 180.97253704192227 94.98794881141798 467.1226891409473
5 997.5531 540.8785 0
6 35.13945173536153 59.98070479782674 505.50495600959675
6 707.6208 463.72275 0
7 64.0854065024564 60.77403350756256 498.39890364459836
7 761.49207 466.71408 0
8 93.35987114005741 61.75430214770957 491.42230465581343
8 817.4859 470.10843 0
9 122.99327849859166 62.76372223548734 484.92590985268833
9 875.53894 473.53848 0
10 152.66570584948832 63.76019233005883 477.0530969442892
10 936.0826 477.38733 0
11 182.04209606623758 64.61468167483143 468.442709609406
11 998.6398 481.2872 0
12 36.11869606367469 29.977967960317706 505.6099237451395
12 709.37396 409.64084 0
13 64.97884435730751 30.782269147921266 498.89516406042736
13 763.00867 411.83655 0
14 94.16634687950042 31.647190613661653 492.05504703868775
14 818.7579 414.2193 0
15 123.89725721924037 32.556828882946874 486.00847559707205
15 876.72003 416.65338 0
16 153.58080113022558 33.41180976813185 478.5445673871408
16 936.91693 419.23288 0
17 182.94210898722224 34.195320369798296 469.61681754637164
17 999.5015 421.96204 0
18 37.09550544638182 0.16302309202186652 506.71399565311674
18 710.9901 355.9191 0
19 65.86028590791484 0.8738016686043291 498.7722451009626
19 764.64966 357.22202 0
20 95.22813788807723 1.6162434026456463 493.21047841915293
20 820.3124 358.6114 0
21 124.78223001598288 2.2961089252101723 487.083145349344
21 877.8641 359.92053 0
22 154.6696530140831 3.1008524078035355 479.6748384102913
22 938.2975 361.51526 0
23 183.8333004238731 3.826704751318772 470.5424211789376
23 1000.52997 363.03488 0
