0 -50.696978657680404 83.07860402159645 481.7687283536058
0 548.25275 512.7263 0
1 -23.180119674817377 95.03284302415808 481.9607137106106
1 600.36066 535.26 0
2 4.36085709925152 106.83229743384764 481.46705848618984
2 652.48444 557.77075 0
3 31.877418123830225 118.8973117965001 481.5742017362756
3 704.5935 580.54974 0
4 59.561260592364036 131.24427869380472 482.37199810593216
4 756.83466 603.49646 0
5 87.62222748138386 144.00186304609684 483.9683664341099
5 809.3422 626.6936 0
6 -38.74905181670161 55.53375557578938 479.7670881200505
6 570.5646 461.07758 0
7 -11.136897164968728 67.32630778575364 479.1588809856938
7 623.0266 483.63242 0
8 16.293434446423017 79.19099412323625 478.59731294433
8 675.27246 506.36722 0
9 43.79813930162685 91.24518710668933 479.54401084972017
9 727.52014 528.96967 0
10 71.49687046321391 103.56872264411149 480.5610878251306
10 779.91034 551.96497 0
11 99.55622658173299 116.18777451214393 482.07814741689265
11 832.56665 575.1942 0
12 -26.688087802120364 28.013975512071834 476.89394117840004
12 593.18604 409.14148 0
13 0.7630372982109666 39.81765568742799 476.07602189910085
13 645.6857 431.8209 0
14 28.17521302269668 51.66685047721124 475.7904125768695
14 698.2309 454.5548 0
15 55.582074001819414 63.70374751933095 476.72134539632873
15 750.55695 477.3642 0
16 83.31472082627899 75.89425865819506 477.81447768914524
16 803.2471 500.32852 0
17 111.42598137798167 88.40325465161665 479.8319343387022
17 856.0089 523.4699 0
18 -14.773308440952787 0.5202045750324403 473.7239175433486
18 615.78265 356.6264 0
19 12.660230983789909 12.41152947119174 472.7388190916762
19 668.6481 379.5443 0
20 39.97960931260418 24.300299035316637 472.74877859652526
20 721.3509 402.45422 0
21 67.43042516510647 36.285184131423634 474.16860029086797
21 773.9183 425.34048 0
22 95.22960626161127 48.43643674966358 476.09375046851954
22 826.646 448.3103 0
23 123.623154936489 60.80566431414975 478.23954163208043
23 879.9742 471.45706 0
