0 -33.08708426549472 101.11684418073204 581.0635477085401
0 592.2923 514.16144 0
1 -12.054103309648424 79.50236940202576 577.0510381505576
1 625.173 481.14005 0
2 8.831461300888863 58.084724270565545 573.7371320171225
2 658.2624 447.8567 0
3 29.63246234255072 36.77500373050624 569.8916764044089
3 691.64526 414.41376 0
4 50.48480923586314 15.51406431574309 567.1713833559776
4 725.4031 380.5454 0
5 71.32716410859005 -5.649422659823479 565.1567305457454
5 759.32623 346.5193 0
6 -54.043651828075525 80.16113594924161 587.3084534417604
6 560.30194 479.9698 0
7 -32.95440496389553 58.541373393002 583.0789095039029
7 592.6793 447.0925 0
8 -11.939683359767832 37.14078254120843 579.3694603500479
8 625.4293 414.02722 0
9 8.959472752765922 15.77274151283807 574.8232934217709
9 658.43896 380.62366 0
10 29.694292012768287 -5.4273184258355975 571.1822369815613
10 691.63684 346.9696 0
11 50.56842006122391 -26.642864081724433 569.4731236665596
11 725.20886 313.00397 0
12 -75.05099095373618 59.04202117223583 592.2988157416854
12 528.6625 446.43875 0
13 -53.97069526736674 37.568185674866335 589.7944912462013
13 560.7685 413.65512 0
14 -32.765975082980894 16.09435066996696 584.9536990731918
14 593.1383 380.69162 0
15 -11.843618860669029 -5.179299892264068 580.6038991298873
15 625.6202 347.49924 0
16 9.050143924102658 -26.396138383440288 576.880553542914
16 658.5316 313.9409 0
17 29.79649689914418 -47.55313436995146 573.9565056328499
17 691.57007 280.1469 0
18 -95.85878100862723 37.85176394769073 596.4431052723659
18 497.64877 413.4414 0
19 -74.7535067730794 16.393966507200176 593.5726631007668
19 529.36755 380.7875 0
20 -53.645578112685975 -4.949102028897684 589.9122188301499
20 561.2878 347.98297 0
21 -32.65189341489285 -26.255141344325217 586.6246924062507
21 593.4612 314.85226 0
22 -11.726620323603738 -47.44714061003679 582.6773858179038
22 625.8695 281.44232 0
23 9.118230845712809 -68.68058354119846 579.6282120363888
23 658.5709 247.67891 0
