0 -220.8483338021633 94.87145589112967 473.9311522960715
0 219.2361 537.9932 0
1 -192.12228135023483 93.89343677803906 483.1660564759094
1 281.58124 532.6635 0
2 -162.98542696545485 92.79092922325053 492.4888238930658
2 342.40256 527.27277 0
3 -134.2475037460005 91.5803745591575 502.43150088483543
3 400.53998 521.681 0
4 -105.60189809816595 90.62574155734715 512.8244301092817
4 456.42178 516.6199 0
5 -77.22690040441135 89.6732243548722 523.8221549852894
5 509.7673 511.5832 0
6 -223.6449704849678 65.16243414956375 479.47894275900944
6 218.83398 479.43558 0
7 -194.7434750701303 64.22722581579133 488.67749625788844
7 280.77936 475.3616 0
8 -165.86214832270625 63.15557449252944 498.50265270996243
8 340.78073 471.04324 0
9 -137.10508202513975 62.13869151544415 508.864319435278
9 398.49905 466.87256 0
10 -108.72508318264968 61.19866597068963 520.0482682638739
10 453.55338 462.8334 0
11 -80.14099945777805 60.350312793161024 530.6461335409901
11 506.488 459.23584 0
12 -226.42247466761305 35.64153135883138 485.0162420453519
12 218.46783 422.5723 0
13 -198.04322272036083 34.67837783151796 495.74277715483447
13 279.88867 419.3538 0
14 -168.7500659971707 33.71769845774387 504.6914439102086
14 339.28308 416.48972 0
15 -139.9136806015369 32.639743515049396 514.7198066206333
15 396.31802 413.396 0
16 -111.60837664344079 31.8079970855504 526.3460101918084
16 450.83884 410.68033 0
17 -83.13119604175291 30.84017290441991 537.0368124490377
17 503.04904 407.94257 0
18 -229.38771480032614 5.997153810447119 491.14204490605124
18 218.27193 366.7501 0
19 -200.55040800635706 5.092146175668465 500.41536458324276
19 278.72128 364.89636 0
20 -171.5308024112104 4.216504599325944 510.1313165393257
20 337.5635 363.15604 0
21 -142.65971428080724 3.289942791339659 520.2977634177558
21 394.16235 361.38654 0
22 -114.58397448937237 2.2968617703748495 532.5700604155684
22 448.0033 359.55502 0
23 -86.08244896932584 1.509255107794855 542.5634282874713
23 499.52625 358.1602 0
