0 18.233699817837053 58.55621669676925 500.96539301462866
0 677.4184 462.11182 0
1 44.53981292065584 72.77730143438953 500.3815940794279
1 725.4032 488.1276 0
2 71.14323159487763 87.25169312920977 500.57517426701503
2 773.841 514.4189 0
3 98.16313480003484 102.17771041446106 501.6342748380174
3 822.6914 541.19073 0
4 125.13434202454567 116.83408692976413 500.4925641130483
4 872.2459 568.2922 0
5 152.0781684226526 131.47357035102343 499.432760320148
5 921.93146 595.4474 0
6 32.210470853597116 32.43485592563351 504.3162266605883
6 702.47345 414.21762 0
7 58.64330695445556 46.61226022354832 504.39906292213533
7 750.2572 439.81442 0
8 85.24313450877183 61.00259775135337 504.88984567909415
8 798.20264 465.69833 0
9 112.40839609193313 75.76381014698185 505.7862257715271
9 846.91266 492.091 0
10 139.51755721508948 90.43712025445612 505.5058183047315
10 895.93396 518.6108 0
11 166.52594121078278 105.03714885064686 504.1922710886746
11 945.4437 545.41595 0
12 46.28180911597586 6.42812653789093 508.0300901248649
12 727.3082 367.15314 0
13 72.61388761775925 20.545542501026006 508.19227169679306
13 774.5375 392.4572 0
14 99.34715802625337 34.835777029043115 508.6215850950758
14 822.36273 418.02206 0
15 126.64944799633903 49.41041824425327 510.38066494436805
15 870.5356 443.8224 0
16 153.9354851459284 64.03522003600922 509.969849075435
16 919.51495 470.01938 0
17 180.6756046767318 78.47130965021896 508.05422665922623
17 968.554 496.33676 0
18 60.421117949964334 -19.61271970829699 513.2993077696514
18 751.5774 320.81683 0
19 86.8407921359609 -5.488108540777825 513.0805408005688
19 798.5844 345.8814 0
20 113.73467363933146 8.75499048202088 513.9919444276967
20 846.0301 371.14365 0
21 141.14932526574543 23.1340928323002 515.1747217271391
21 894.0985 396.53552 0
22 168.3360273303967 37.62131670971783 514.604784115781
22 942.55676 422.2279 0
23 194.87231429389774 52.01778961271793 511.8568119745996
23 991.4397 448.2087 0
