0 45.360804512643014 23.773344667624652 604.1444046621324
0 712.6999 391.4749 0
1 71.91778522091155 37.55331315154817 605.8624294031536
1 752.482 412.09378 0
2 98.65567799266731 51.36497644998677 607.3822184160414
2 792.359 432.6687 0
3 125.87203465569408 65.46449630380901 610.7759280746002
3 832.1752 453.2711 0
4 153.3027037172514 79.6206058530063 612.7983417148764
4 872.37897 473.99402 0
5 180.46354268340056 93.72227877877489 613.5870731375292
5 912.45624 494.77917 0
6 58.150539177698484 -1.9630828571579262 611.2321519426812
6 730.98914 352.7001 0
7 84.87172523018025 11.851443913857473 613.9347969321327
7 770.30176 373.21234 0
8 111.91527855396902 25.680160956259456 617.5201601639596
8 809.50995 393.5115 0
9 139.18361958904012 39.62868020023529 620.3826557165474
9 848.8337 413.81976 0
10 166.51569361476717 53.776409204974186 622.0610529309225
10 888.3533 434.3823 0
11 193.8289768787844 67.75393490783576 622.9070826676437
11 928.0114 454.7178 0
12 71.1513238745857 -27.526317452407195 620.9933799434839
12 748.71857 315.24402 0
13 97.9354881983149 -13.864304227309189 623.3210601376041
13 787.51733 335.36258 0
14 124.98193180696941 -0.09475192080286547 625.8183537866317
14 826.36035 355.48807 0
15 152.34895825077936 13.702717158095838 629.0791123382412
15 865.09155 375.46994 0
16 179.63389696651276 27.651074909620405 630.2153959937125
16 904.1783 395.5974 0
17 206.88984604325 41.69460174267812 631.1134599264568
17 943.19525 415.81247 0
18 84.00327380921628 -53.2660737493395 628.7708426956261
18 766.06726 278.44955 0
19 111.18089984073123 -39.7054782496425 632.9286407899972
19 804.4279 298.47522 0
20 138.02672449955082 -26.035004938593953 634.6576993661333
20 842.56903 318.25415 0
21 165.50575024177778 -12.17122416342495 637.1668548888442
21 881.11993 338.22366 0
22 192.88684883744568 1.6264360801134454 638.9250719612353
22 919.552 357.94507 0
23 220.36204527792793 15.615196691896122 640.1503809078284
23 958.1682 377.84845 0
