0 96.80274372150274 -33.91253484881091 521.5379348199979
0 813.5016 296.38794 0
1 124.03678084289783 -20.632490908122424 522.2761365318621
1 860.8188 319.63632 0
2 151.6268135892164 -7.080264253503032 522.5592289738792
2 908.85345 343.28244 0
3 178.936923254838 6.498841698518989 521.522039203431
3 957.138 366.97845 0
4 206.47155712375223 20.13170180949454 520.9521152576574
4 1005.6839 390.8314 0
5 232.72953632735477 33.64882995691141 517.9498049119478
5 1054.0142 414.8106 0
6 110.32131213874342 -60.661925345645116 524.8647671998244
6 835.9185 250.33403 0
7 137.90600483988865 -47.42037249224627 525.8300325255487
7 883.40985 273.46872 0
8 165.4086320474878 -34.05476475041938 526.0009584939232
8 931.0175 296.64423 0
9 192.75315654879762 -20.39642090850877 524.9004827172367
9 979.12946 320.22598 0
10 219.68210103801798 -6.835893351583767 523.1015214516433
10 1027.2307 343.72083 0
11 246.1268307950877 6.778623518608226 520.9096719005754
11 1075.1416 367.4811 0
12 124.07479093588549 -87.51919541009886 528.0206892534555
12 858.528 204.62534 0
13 151.22035324172822 -74.1896286790995 527.670190253316
13 905.58777 227.53839 0
14 178.70539155145997 -60.80122567255858 527.5706151184235
14 953.1502 250.63351 0
15 206.00323594088198 -47.36569169529455 527.0206065544955
15 1000.71136 273.74884 0
16 232.75100098937367 -33.61411961201715 525.1069299170599
16 1048.4661 297.3083 0
17 259.1999215380717 -20.09099302893492 523.4056286023925
17 1095.8658 320.6565 0
18 137.89037505901683 -114.61099616054668 531.6790049036922
18 880.7518 159.24329 0
19 164.86967017546561 -101.04926312050827 530.3988908789504
19 927.71277 182.06305 0
20 191.70785999479958 -87.4865644738513 528.8435135380183
20 974.8298 204.91649 0
21 218.71035367958808 -73.9294240538818 527.8351727375812
21 1022.1169 228.02753 0
22 244.92653500695718 -60.20801517001068 525.5498543675009
22 1069.254 251.25812 0
23 272.5985210136971 -46.84695793998587 526.5947752070645
23 1116.3356 274.58005 0
