0 -87.9567138392843 10.491990697037116 528.6583652649213
0 492.48697 373.70645 0
1 -58.83122078619675 17.312276949835127 530.4478634458931
1 543.0747 385.35895 0
2 -29.40297226174333 23.93467431021339 530.4151939447079
2 593.66797 396.7351 0
3 -0.2960111350761412 30.642872656024938 530.0276296297116
3 643.71466 408.2953 0
4 28.724574670459074 37.32611550532259 530.7535853606136
4 693.5821 419.69476 0
5 57.69765747975266 44.15112506077729 532.4216976411565
5 743.0566 431.17218 0
6 -80.93279459408618 -18.34218278009056 523.3397908195088
6 503.18524 323.69638 0
7 -51.724187941979935 -11.548564632549805 524.7276155696023
7 554.32446 335.5757 0
8 -22.513779072758368 -4.711218745088435 524.6542408382926
8 605.0883 347.44537 0
9 6.616698435555196 1.9322098852755285 524.6696197196861
9 655.72546 358.98102 0
10 35.58164677151616 8.715336995386695 525.3716168375574
10 705.9911 370.73877 0
11 64.67788671537824 15.532691306111714 527.7453304401567
11 755.995 382.4392 0
12 -73.96755087835142 -47.10020970591744 517.9000302679831
12 513.9694 272.77393 0
13 -44.72967191131554 -40.257906886984124 518.684540358775
13 565.57556 284.91705 0
14 -15.512728998623524 -33.461036262896805 519.4108907846676
14 616.986 296.93726 0
15 13.484253164901201 -26.539851187158646 519.3054719813684
15 667.9051 309.06717 0
16 42.44121411160131 -19.80207430514126 520.4122051580798
16 718.6009 320.96112 0
17 71.46233134023169 -13.101501699584036 522.4781234661522
17 768.9643 332.78162 0
18 -66.9590191070594 -75.68075359891209 511.4822355901719
18 524.8317 220.82864 0
19 -37.7187074779036 -68.82982256619607 513.0738783349341
19 577.17773 233.41136 0
20 -8.692453774219807 -62.03791016211613 514.0531628450748
20 628.8023 245.68097 0
21 20.37345961179958 -55.17486562304697 514.1609673935761
21 680.36194 257.86432 0
22 49.2790166078119 -48.38842264835045 515.2492365873999
22 731.4493 270.06998 0
23 78.51296541729897 -41.774826661850504 517.9917399598595
23 782.45844 282.1546 0
