0 -103.39143037542979 2.288448788163417 473.27675142334226
0 444.98834 360.03107 0
1 -73.9574876187701 7.675156884137493 475.24179370012007
1 502.29694 370.33893 0
2 -44.4053872999151 12.97680146269633 476.4854763744724
2 559.2309 380.437 0
3 -14.970525828905396 18.33410144775355 475.9642939863927
3 615.53864 390.7183 0
4 14.403927543891383 23.613074455310272 475.94891058236556
4 671.8246 400.82394 0
5 43.62333935842656 29.000372643925186 476.78327900525863
5 727.6681 411.03867 0
6 -97.568835880858 -25.858017913779893 463.49111536785534
6 452.23895 304.80066 0
7 -68.34033505746987 -20.52465193793311 465.9327506639536
7 510.4562 315.4951 0
8 -38.81377216543928 -15.091702797565427 467.017646241045
8 568.4273 326.18643 0
9 -9.406036259550087 -9.766014222656766 467.05281190955384
9 625.857 336.57675 0
10 19.815885267846188 -4.293760378402544 466.5882464158159
10 682.95667 347.2424 0
11 49.112741038783426 0.9878835729035039 467.7896396461496
11 739.97455 357.5499 0
12 -92.1654130669857 -53.92250359513619 454.6180665276659
12 459.33163 247.56976 0
13 -62.79900309654047 -48.542416066117454 456.38906535768547
13 518.73224 258.7285 0
14 -33.31234878227793 -43.19088265004425 457.80010915693094
14 577.86084 269.67664 0
15 -3.860853139997504 -37.67975235735908 457.6649733839177
15 636.53033 280.62158 0
16 25.364620965617 -32.27669487106876 458.3921248347683
16 694.68884 291.4787 0
17 54.565347632526176 -26.884090729282477 459.49349236866436
17 752.5257 302.32413 0
18 -86.8589556812493 -82.12005484044266 445.94887782026007
18 466.58954 187.86514 0
19 -57.233513557832204 -76.60590533717372 447.2643173518941
19 527.5205 199.59012 0
20 -27.848666943804965 -71.0402267827959 447.9115900087484
20 587.5205 211.13576 0
21 1.6067424501116085 -65.6402248078173 449.0413538673007
21 647.4873 222.45483 0
22 30.805713125650957 -60.22332566204848 449.6670381729402
22 706.70355 233.61467 0
23 60.17917073900683 -54.87767224534554 451.08805019690277
23 765.89374 244.7951 0
