0 -33.87853795300503 112.24305874087753 538.0885483614924
0 586.8033 545.6604 0
1 -13.12635226041761 90.84908250304906 533.9441266252232
1 621.80347 510.63297 0
2 7.609994033145336 69.41797600981037 528.4478051763193
2 657.3575 475.29904 0
3 28.213877571791897 48.07795412328863 522.811967526439
3 693.441 439.4034 0
4 48.683779039350284 26.801636681389073 517.8059307628785
4 729.9702 402.78024 0
5 69.34074006235188 5.76181438001934 514.400732787967
5 767.16156 365.83032 0
6 -55.352993570634645 91.33432918541287 538.3011788216139
6 550.4433 510.19955 0
7 -34.552792397869226 69.91231753758862 533.7222972437468
7 585.1814 474.96017 0
8 -13.855034825128111 48.59509904006685 528.8227281977273
8 620.32965 439.34207 0
9 6.810724064001637 27.289251592777337 523.2445910323713
9 656.095 403.1391 0
10 27.3850986050944 6.109056676185101 517.7736806363949
10 692.4601 366.37482 0
11 47.92627511598859 -15.071906464609281 513.3898851799108
11 729.3621 328.8807 0
12 -77.00221341003832 70.46661780205001 539.0796825061428
12 513.95294 474.71097 0
13 -56.185370661724086 49.119904408967024 534.6936081614581
13 548.3908 439.31705 0
14 -35.33803336018135 27.742441123751743 529.4915182928688
14 583.3571 403.35828 0
15 -14.617502977937216 6.450550842733373 523.8599098057069
15 618.7759 366.8438 0
16 5.987802317249145 -14.725640807830182 518.1471924441912
16 654.7633 329.73508 0
17 26.610035622168905 -35.86204903856413 513.6863342808871
17 691.46783 292.02505 0
18 -98.62727467562388 49.558485880629945 539.0041259629716
18 477.34464 439.38904 0
19 -77.84946590653377 28.17190442183706 535.3532267011375
19 511.6028 403.56647 0
20 -56.94742371097768 6.853826245150668 530.5936930691324
20 546.34045 367.39386 0
21 -36.09465649727106 -14.438778757192233 524.5569633700968
21 581.46906 330.54965 0
22 -15.381704754329084 -35.56590321374441 518.9953655238138
22 617.19446 293.1955 0
23 5.219909579138496 -56.6777530016812 514.0714848298915
23 653.48456 255.18394 0
