0 -67.29733320228787 -21.473792473159353 480.26084370718553
0 516.4277 314.8919 0
1 -37.58478985870271 -16.706921522755234 480.6219932427978
1 572.90485 323.9581 0
2 -7.854951213998253 -11.89088510694936 479.921653577163
2 629.29706 333.054 0
3 21.444759999914627 -7.18295861478565 479.6172155957264
3 685.00183 341.9822 0
4 50.959961479272536 -2.427017136746085 480.9096538578629
4 740.8654 351.02835 0
5 80.55181183508876 2.3341608487922754 483.2494360077986
5 796.2443 360.02634 0
6 -62.6090323713224 -50.76012112597077 483.5568069984206
6 526.14105 259.99435 0
7 -32.976641571862444 -46.04115902391141 484.7673166877147
7 582.18414 269.10144 0
8 -3.4258760460212874 -41.17938003793948 484.83180673091755
8 637.77966 278.2484 0
9 26.0462189124823 -36.35379044885921 484.52711251681626
9 693.24976 287.27292 0
10 55.493723122481626 -31.609820956141018 485.71432891978156
10 748.4223 296.3379 0
11 85.13131576955743 -27.023937223525788 487.9289912062253
11 803.34607 305.16934 0
12 -58.12126677718789 -80.0080534854915 487.3165130016098
12 535.45087 206.05443 0
13 -28.490143711274616 -75.2135971183372 488.2459120588839
13 591.0066 215.28511 0
14 1.0696422931945235 -70.38510155587113 489.1036968689965
14 646.2185 224.52492 0
15 30.452010738252483 -65.58869176749295 489.2760266497517
15 700.98627 233.50186 0
16 59.93167748604983 -60.8388567463852 490.1519907562749
16 755.73645 242.54836 0
17 89.85490405559389 -56.34970675808935 493.1373821387907
17 810.40125 251.52612 0
18 -53.697111649839144 -109.52949761496315 491.9159420738708
18 544.6702 152.77989 0
19 -23.975295470536654 -104.38202396779896 491.9079099893524
19 599.7734 162.30974 0
20 5.535300996693185 -99.5493342606937 492.76828357632485
20 654.4686 171.58182 0
21 35.047939097222425 -94.94337414204512 494.3294319983179
21 708.8852 180.65154 0
22 64.64834113931576 -90.37653320676718 495.8717314698297
22 763.12506 189.58597 0
23 94.35741734372388 -85.72477493230832 497.0520408555285
23 817.3538 198.50618 0
