0 -259.56214782358404 35.996228070919344 576.9714596758466
0 233.93987 412.46274 0
1 -229.78640469230209 31.47451293677703 581.8380356614084
1 284.04373 404.90744 0
2 -200.02486674122412 26.8988746391836 587.0925747631087
2 333.4998 397.36615 0
3 -170.3048324351254 22.350174807558467 592.4258705669215
3 382.04938 389.9955 0
4 -141.02508471486678 17.81975927623369 599.0394011233359
4 429.52072 382.72623 0
5 -111.56435662852788 13.24753699290707 604.9900033832096
5 476.04376 375.57465 0
6 -264.5839945767127 6.0967268526262535 577.9558407935908
6 226.71426 365.2361 0
7 -234.30301305173762 1.5438120876906183 581.7698226273716
7 276.92108 358.04352 0
8 -204.2182365260752 -2.995455894714512 586.2871317643904
8 326.54987 350.97144 0
9 -174.90265592204713 -7.446030483137076 592.7339513188001
9 375.11124 344.18164 0
10 -145.3568108237591 -12.005399261492364 598.5479696379371
10 422.7442 337.35324 0
11 -116.20258891408862 -16.51331137504219 605.4778795357271
11 469.1929 330.77966 0
12 -269.06471960705613 -23.92504909797893 578.1291961603321
12 219.77106 317.92487 0
13 -238.87593651595316 -28.30901097474756 582.0960998023929
13 269.96228 311.32062 0
14 -209.4798723017027 -32.860614133468026 588.2505600005935
14 319.4527 304.73514 0
15 -179.55713982429458 -37.27690403443992 593.2068523371288
15 368.1699 298.37802 0
16 -150.0331442448293 -41.787508040904065 599.0443703606328
16 415.80832 292.07623 0
17 -120.65058360393218 -46.23805455460321 605.07926362195
17 462.37335 286.00925 0
18 -273.73903479872354 -53.81355039823212 578.6564390063281
18 212.79073 270.90378 0
19 -243.88957239018703 -58.3103047001924 583.3304484869587
19 262.91568 264.5598 0
20 -213.9496180849157 -62.66068878126476 587.9130044973928
20 312.3325 258.52838 0
21 -183.95477284165185 -67.05047706839567 592.2201837083785
21 360.9377 252.48172 0
22 -154.79300418210656 -71.61411403986418 599.2407615934754
22 408.63898 246.7521 0
23 -125.26567220668844 -76.06288083702071 604.6850195970853
23 455.29416 241.02985 0
