0 -84.79671823970273 -6.586288223213167 453.18943901372734
0 473.57767 342.38602 0
1 -55.27530512378482 -1.59356772002976 456.3487224382675
1 533.75714 352.44473 0
2 -25.640513767119387 3.433112394184816 457.97804494878187
2 593.1641 362.4552 0
3 3.716538744992161 8.417467187019863 459.06595517448187
3 651.6075 372.33047 0
4 33.0193625679902 13.400649110145853 461.2169389895115
4 709.5162 382.09558 0
5 62.36086194846536 18.397897755100526 464.57376275144475
5 766.6448 391.7038 0
6 -80.44245400742203 -35.6129951429763 459.5207549746067
6 484.5707 285.0219 0
7 -50.93762141336741 -30.612969954081198 462.50697848367287
7 543.7814 295.3265 0
8 -21.328314335978206 -25.50783711232397 464.35963731559127
8 602.335 305.58273 0
9 7.995351578879364 -20.47722745385562 465.7660809046516
9 659.8795 315.5735 0
10 37.257474188274024 -15.403181837528372 467.8768259730843
10 716.8479 325.634 0
11 66.58736805992581 -10.428619755434735 471.287444637006
11 773.0797 335.46707 0
12 -76.03935880046 -64.50222328420851 465.3971502434814
12 495.21503 229.36261 0
13 -46.641944817728 -59.5326149108127 468.9416177011151
13 553.5139 239.97147 0
14 -17.03593935387285 -54.29441143446664 470.72395311617447
14 611.21765 250.54715 0
15 12.187892912172897 -49.28491790518286 472.7147197886949
15 667.73804 260.64398 0
16 41.42448128089259 -44.17627692156868 474.43207506444156
16 723.85474 270.79755 0
17 70.83200098157027 -39.28809643603682 478.3904675889358
17 779.2585 280.8082 0
18 -71.80750860715513 -93.41304711297003 471.37979827765855
18 505.29382 175.09032 0
19 -42.29698628473802 -88.3793014918293 474.78086377043087
19 562.97577 186.0424 0
20 -12.93106223581987 -83.2710369035237 477.32185060908495
20 619.51697 196.69481 0
21 16.44758171505093 -78.1398699448435 479.55138865260176
21 675.50385 207.18153 0
22 45.73303205953608 -73.03415720018513 481.6300764639908
22 730.82324 217.47981 0
23 75.18455986742617 -68.15791306991194 485.1034608478427
23 785.57275 227.62646 0
