0 -58.946616103148834 27.95771319314373 574.1590062304998
0 550.592 399.98645 0
1 -29.713361628602286 35.42094745127347 573.3928891919932
1 596.9636 411.90344 0
2 -0.6347855678673138 43.00581729563805 573.710228819203
2 643.2149 423.91663 0
3 28.113746663890815 50.47214247100919 573.9435724212725
3 688.8972 435.7401 0
4 57.012325956744036 58.090028570658525 575.3318840810546
4 734.59894 447.60944 0
5 86.0363826807441 65.89549376881689 577.8590026531649
5 780.0109 459.5128 0
6 -51.715623210799656 -0.35838483825664075 580.7889052508062
6 563.01556 355.06384 0
7 -22.656397577942943 7.216051438064172 580.2312484615381
7 608.61273 366.95587 0
8 6.369659110917498 14.824033150611344 580.2545115832527
8 654.2354 378.90018 0
9 35.19495686704552 22.390476557392454 581.1822873392496
9 699.4528 390.7236 0
10 63.98603504085725 29.973445938388032 582.4338488666914
10 744.41675 402.50912 0
11 93.10832817012574 37.70604350487647 585.2688711017598
11 789.31177 414.31842 0
12 -44.58473941483913 -28.59134683626925 587.8740166766645
12 575.0569 311.31854 0
13 -15.59028619530001 -20.870234572588956 587.3427602892175
13 620.0159 323.25455 0
14 13.334113470814891 -13.289479225891467 587.3632273661859
14 664.92804 335.01364 0
15 42.015100893452384 -5.71668872840908 587.7046064573328
15 709.42346 346.7644 0
16 70.98359444551858 1.9080815585230593 590.152148130956
16 753.9202 358.5715 0
17 100.13932346013765 9.540731358986912 593.2897923559896
17 798.1583 370.27612 0
18 -37.61475698638404 -56.86524181331585 595.5780882327082
18 586.6247 268.64294 0
19 -8.500757310726335 -48.9838387916289 594.6059396464069
19 631.18555 280.5761 0
20 20.260756720213262 -41.353839228552346 594.9904433287683
20 675.27985 292.30725 0
21 49.15593566011711 -33.65965538078675 596.0245102026304
21 719.4399 304.17758 0
22 77.95428915919685 -26.17495563009157 598.0086906609961
22 763.10986 315.7506 0
23 107.3584463439057 -18.61065596828036 601.606601324244
23 806.9741 327.44376 0
