0 -19.666256801307025 -15.968430534608007 488.68781862534337
0 607.52216 325.85748 0
1 9.289887761943776 -8.872311016658664 485.23573167774896
1 661.68445 338.96848 0
2 38.20637330896026 -1.7667798648387039 482.66622855181384
2 716.4156 352.29126 0
3 67.16443483928033 5.3461662906576475 481.43355086924186
3 771.4573 365.74255 0
4 96.57403000390003 12.457599282678341 481.30330133541025
4 827.219 379.2059 0
5 126.47108196719448 19.7912180430147 481.2500103270279
5 883.8965 393.09122 0
6 -12.342259472435277 -44.84458475552115 491.03073282216417
6 621.30035 272.42514 0
7 16.588696055850175 -37.66327381951648 488.56486738446483
7 675.1902 285.39606 0
8 45.447664550939464 -30.563334148387924 486.11117201138677
8 729.48956 298.3475 0
9 74.48933843177625 -23.506384169506145 484.95985574162154
9 784.3072 311.4683 0
10 103.98076046502037 -16.526174747300306 485.0137291010313
10 839.74646 324.58435 0
11 133.90289575581954 -9.421964064048767 484.42944134636383
11 896.3149 337.90707 0
12 -5.147333991369725 -73.63650328068381 493.4371359387367
12 634.7103 219.67331 0
13 23.79285154527445 -66.49308454731886 491.3504858590252
13 688.3864 232.34062 0
14 52.7183067609654 -59.38562410175473 489.3730890777838
14 742.47095 245.07372 0
15 81.78590123111178 -52.42955210140659 488.12977730815436
15 797.03015 257.77454 0
16 111.37116700517346 -45.527534111572464 487.80849600440877
16 852.44336 270.6001 0
17 141.1581744199257 -38.542318661808835 487.1322768990392
17 908.49945 283.54556 0
18 2.0688101547891593 -102.6834014375073 497.1502568686033
18 648.01917 167.4609 0
19 31.091825823066195 -95.4783194169117 494.7336510786456
19 701.53955 179.80943 0
20 60.05233642264039 -88.35138701986243 492.59581216869066
20 755.4066 192.2271 0
21 89.3153164851092 -81.54070272039213 491.6405017816846
21 809.90625 204.52989 0
22 118.64938185184359 -74.58099793938472 490.177462520735
22 864.97864 217.01384 0
23 148.27010155395178 -67.56664500819565 488.35017912982903
23 921.1221 229.58046 0
