0 -144.7059063464275 45.27428326983042 484.86261183867543
0 372.03833 440.69266 0
1 -114.58962132220721 48.99735607784853 485.42477126239964
1 428.9354 447.5814 0
2 -84.78510918787447 52.931309139066585 486.81346444326914
2 485.3859 454.68103 0
3 -54.79838568159361 56.652927486523474 486.368931876388
3 541.4698 461.74252 0
4 -24.86344799084794 60.417876162312616 485.6675859482453
4 597.5344 468.95807 0
5 4.834191531426469 64.17088525766034 484.91221547211694
5 653.316 476.1855 0
6 -140.40161081709434 15.321907378575737 486.1193446896864
6 380.81726 384.34018 0
7 -110.67744083340095 19.166484714345497 488.05100795630716
7 437.40445 391.40298 0
8 -80.96604609680385 23.059050042699504 489.53313143607414
8 493.3833 398.5387 0
9 -50.94435659252452 26.81939584094668 489.2117309340043
9 549.2517 405.56946 0
10 -21.023731467122342 30.616937565043543 487.3660973030632
10 604.8824 412.8572 0
11 8.698527542091762 34.27454476762661 485.7792612560225
11 660.5547 419.90353 0
12 -136.579021897449 -14.423693991824283 488.8445682052587
12 389.41727 328.74582 0
13 -106.81872397879893 -10.64096190136674 490.1725027277287
13 445.47903 335.8491 0
14 -76.87569450148926 -6.8497712298726965 490.75374146672874
14 501.3599 342.91034 0
15 -47.069685204074936 -2.9279969562993444 490.64968830913955
15 556.7322 350.18942 0
16 -17.161373989895644 0.8886422118494701 489.2806082195265
16 612.23566 357.2806 0
17 12.438520361405331 4.7571739887131725 487.7004133139144
17 667.4842 364.51233 0
18 -132.65244692266606 -44.18980233977059 490.4840224320291
18 397.57004 273.54858 0
19 -102.6890741195818 -40.31338584853402 491.15795654047474
19 453.54593 280.85132 0
20 -73.02655828283605 -36.53008511543988 492.40498075414274
20 508.96814 288.0403 0
21 -43.08878136979192 -32.664559601075766 492.19354691171833
21 564.383 295.1661 0
22 -13.361816421385784 -28.69193080330246 490.63207792864716
22 619.38654 302.35016 0
23 16.292197759935906 -24.86848936632576 489.630905110851
23 674.5705 309.3552 0
