0 12.10817760796792 49.61551590870987 490.2228779349359
0 666.74994 447.83014 0
1 38.4308185504096 61.31962286245281 482.2286165435636
1 716.9056 471.46985 0
2 65.04897028309142 73.14702460669653 474.78077430109596
2 769.1765 495.9817 0
3 91.78172770128293 85.18955852591739 467.32995635880997
3 823.3383 521.69525 0
4 119.02871185994915 97.48206510753495 460.33912438712355
4 880.03906 548.54425 0
5 145.9745534583337 109.58642392356222 452.01695120093177
5 938.7476 576.4918 0
6 24.28447932938862 22.258164810493003 489.9266545670558
6 689.42993 397.01498 0
7 50.620765095685215 33.89491966364061 482.2138399813731
7 739.9625 419.6616 0
8 77.13764484143465 45.68383019161755 475.02397526174866
8 792.3218 443.24 0
9 104.15621503674883 57.6659348790973 468.52708942485754
9 846.9681 467.75323 0
10 131.39574456086487 69.83603772807407 461.446024621602
10 903.9157 493.5009 0
11 158.35889621836967 81.79789190272089 452.63074000080707
11 963.30145 520.2619 0
12 36.513686487098376 -4.952097773901868 490.7372189724405
12 712.0825 346.4328 0
13 62.74369075493005 6.64229457291836 482.69094718488464
13 762.7732 368.16248 0
14 89.48913619255426 18.34424577813056 476.24959762309095
14 815.59344 390.71667 0
15 116.51225963789913 30.20943747034394 469.64464014612975
15 870.4799 414.2263 0
16 143.87596542802805 42.14909685464513 462.2973109924627
16 928.0581 438.68628 0
17 170.71989593556847 54.10235544101523 453.42755865722853
17 987.60315 464.3273 0
18 48.620593890940484 -32.20122929958883 491.030587332568
18 734.5285 295.88254 0
19 75.12868675264335 -20.649987859980957 484.18264329598503
19 785.7363 316.77188 0
20 101.87245176921626 -9.03982844291799 477.6374025613453
20 838.74036 338.38397 0
21 129.16730374049664 2.6381716483907285 470.978445565531
21 894.3445 360.72903 0
22 156.33078753195883 14.54333461494519 463.0790478054326
22 952.108 384.23715 0
23 183.2018321226798 26.366714865803345 454.17271243545366
23 1012.10425 408.51453 0
