0 121.71697305760718 25.391081810213336 566.4803877944188
0 840.18243 396.46008 0
1 148.3464962485702 12.946696801409376 558.9778079695353
1 886.26025 376.7264 0
2 174.7476049300874 0.47144080905003033 549.9363103553444
2 934.02277 356.40698 0
3 201.02875665097372 -12.029314219650386 540.3592448720361
3 983.51575 335.3452 0
4 226.85267288471059 -24.546143969338715 530.2975328530546
4 1034.3654 313.4573 0
5 252.017816733834 -36.92511438839148 519.8664401536226
5 1086.341 290.9182 0
6 111.31997309601098 -1.6924385662190624 574.3225686744397
6 820.9966 352.94138 0
7 137.9023687622431 -14.15381819927035 567.3328134712802
7 865.90656 332.89795 0
8 164.4185065369169 -26.73356187741321 558.8783304165219
8 912.53046 312.04813 0
9 190.5027275786891 -39.21408394572609 548.7088588382079
9 960.85754 290.51917 0
10 216.59455695317794 -51.67588552941886 538.9904776999977
10 1010.7157 268.28195 0
11 242.27288222864124 -64.0657778856676 529.3094463340097
11 1061.6628 245.35966 0
12 100.99151319253764 -28.660265558673796 582.0437223508966
12 802.4679 310.76685 0
13 127.46032364417724 -41.18249500961482 574.965797835362
13 846.4005 290.3735 0
14 153.68074118599782 -53.71966430157345 565.8068687610955
14 891.9371 269.1309 0
15 180.11546817070015 -66.38466527662577 556.848002708892
15 939.2172 247.01906 0
16 206.36877452470245 -78.83913588524983 547.6741179922858
16 987.87646 224.4827 0
17 232.12531476270178 -91.17474298851754 537.8924469771193
17 1037.7965 201.20528 0
18 90.71713996097539 -55.4710863570422 589.5904610005688
18 784.5495 269.9138 0
19 117.0885615006933 -68.0937847374887 582.4701494309289
19 827.5561 249.12338 0
20 143.47014953580864 -80.75841676710098 574.1110665448285
20 872.134 227.47607 0
21 169.4983172638722 -93.17568935700955 564.0896093916908
21 918.26465 205.14523 0
22 196.0034374056751 -105.92364584158359 555.8739054495925
22 965.8011 182.02864 0
23 221.51824147870002 -118.09134384830762 545.503113053392
23 1014.57196 158.40765 0
