53.038063049316406 -34.35429763793945 534.2081909179688
93.88027954101562 -17.498523712158203 681.40234375
154.64503479003906 17.043228149414062 593.347412109375
145.12872314453125 20.63286781311035 677.9502563476562
129.3248748779297 43.4800910949707 739.7651977539062
36.35762405395508 32.4561767578125 721.9104614257812
54.29254150390625 8.904241561889648 639.0982666015625
51.46541213989258 21.191160202026367 669.6395874023438
-51.206905364990234 -6.726678848266602 686.3673706054688
19.06637191772461 11.85025405883789 656.3287353515625
59.904483795166016 30.756248474121094 686.7742919921875
123.05570220947266 31.129308700561523 685.3256225585938
111.53550720214844 43.32876205444336 744.4364624023438
136.53956604003906 7.898001194000244 670.6284790039062
141.9713897705078 6.740634918212891 671.5402221679688
29.28999137878418 16.10942840576172 686.52099609375
-44.11814880371094 -3.9332656860351562 643.5574951171875
-64.87960052490234 7.089876651763916 663.0939331054688
-7.964364528656006 32.31425094604492 554.342529296875
42.59785461425781 38.3482666015625 617.4909057617188
0
145.7081756591797 10.1441011428833 718.0381469726562
76.69795227050781 17.03265380859375 736.9489135742188
0
-75.66169738769531 -42.019203186035156 699.8850708007812
12.349995613098145 -46.45909881591797 683.9788208007812
67.45584869384766 -16.01297950744629 712.8546142578125
121.28923797607422 -17.39641571044922 675.6503295898438
42.64875793457031 -37.06439971923828 670.2525634765625
-46.49589920043945 27.376020431518555 665.982666015625
-48.97279357910156 39.546836853027344 704.3218383789062
0
147.24551391601562 9.983776092529297 688.7788696289062
0
-7.383798122406006 -30.875856399536133 708.5385131835938
0
-27.16828155517578 -52.20378112792969 671.0296020507812
63.59733581542969 -17.132490158081055 645.462646484375
111.6600570678711 -6.657772541046143 649.9467163085938
117.39082336425781 -16.601839065551758 616.0650634765625
95.71076965332031 7.281217575073242 670.36767578125
8.081815719604492 -19.49011993408203 677.7841186523438
-7.1208176612854 31.7823486328125 661.9197998046875
43.15694046020508 52.29269027709961 667.25732421875
42.38474655151367 27.66720199584961 605.6212158203125
55.46360778808594 -26.60565757751465 655.3404541015625
67.91179656982422 -20.799518585205078 657.8713989257812
132.78970336914062 -4.9193115234375 679.9027099609375
0
132.78895568847656 -18.115482330322266 657.7976684570312
62.60264587402344 5.8577680587768555 611.3761596679688
-17.59018325805664 -33.68463134765625 602.4035034179688
48.40100860595703 -3.5661427974700928 590.7666015625
37.692752838134766 16.128623962402344 641.6073608398438
79.79631042480469 28.208826065063477 645.3671264648438
0
0
0
0
0
0
0
41.72989273071289 31.890972137451172 628.9286499023438
47.59754180908203 -33.85255432128906 616.6431884765625
-27.137380599975586 -33.46449279785156 648.1300048828125
0
39.48647689819336 28.61532211303711 693.1277465820312
109.03002166748047 -12.719468116760254 659.8952026367188
172.96890258789062 -24.58545684814453 714.7730712890625
106.9184341430664 -36.56340026855469 706.3682861328125
0
-3.5488593578338623 -47.282657623291016 651.3259887695312
-11.201395988464355 -55.26839828491211 649.9534301757812
0
0
36.559181213378906 -15.55026912689209 668.7050170898438
91.87530517578125 4.581190586090088 658.4915161132812
104.69123077392578 9.908961296081543 654.8026123046875
141.63491821289062 21.126476287841797 667.5768432617188
79.89805603027344 -34.45094680786133 590.8062744140625
80.83954620361328 -20.778867721557617 633.1688842773438
64.84933471679688 -29.243696212768555 633.8778686523438
23.465579986572266 6.019591331481934 646.4118041992188
-20.21880340576172 -27.486312866210938 650.7651977539062
-15.848825454711914 -38.742469787597656 609.8189086914062
-25.756248474121094 -6.600438594818115 695.5432739257812
0
51.84646224975586 -28.550493240356445 643.9310302734375
40.47434616088867 -9.690828323364258 644.9773559570312
14.698698043823242 -18.28395652770996 702.0081176757812
0
-0.6284235715866089 -73.01028442382812 638.9960327148438
18.600934982299805 -47.937713623046875 654.741943359375
61.30341720581055 -7.220985412597656 654.8197021484375
98.198486328125 14.059412956237793 705.8490600585938
128.45443725585938 -24.13239860534668 694.849853515625
0
74.90164184570312 -0.3948608338832855 667.1765747070312
18.787126541137695 -9.995650291442871 689.5514526367188
-7.112873077392578 -32.84855270385742 643.0112915039062
28.088104248046875 -3.4408891201019287 604.6829833984375
95.07711791992188 -20.643465042114258 711.6701049804688
141.3603973388672 -10.749573707580566 683.0928344726562
