-294.56142 7.5062 424.03054 2.5198679338015557 -1.3754553882575222 -2.7308829491571225
-311.89613 -6.97474 319.87599 -2.928881822772122 -1.1737656669362888 2.9611318416074224
-342.07846 -37.97652 367.74016 2.4221806355033224 -1.4205196142423777 -2.264633431804689
-347.33488 -35.61693 309.38508 -3.1210579290359446 -1.2981343366534 -2.991108569130778
-370.83496 -25.31553 250.0142 -3.0803137419419335 -1.2794544270538 -3.030218255408178
-363.33808 10.29802 263.23977 2.832256557305611 -1.2399337157445667 -3.0173701888717113
-337.08796 -1.16386 316.25228 2.310924973298611 -1.3769452012816112 -2.5124148544239002
-348.5056 3.84498 290.29693 1.9944814264125665 -1.190559050179589 -2.1776179490357332
-342.11152 52.63489 280.58919 2.138674592633211 -1.1016240543320333 -2.644566819807511
-343.05937 22.10354 296.43336 1.9172225085287558 -1.1886131826297333 -2.1991385564774224
-356.17223 7.70284 279.94384 2.1242586968564225 -1.2051159685575334 -2.2144210082130447
-356.15582 -17.19684 282.76184 2.1189321266031222 -1.2507097274284114 -1.9822339276614664
-372.90114 -9.02722 254.67752 2.7788089914676557 -1.186107413465389 -2.6041718730908667
-336.5446 -27.01852 326.44684 2.725640678305256 -1.1987348703881668 -2.5534119397222117
-336.37119 -27.09444 326.71534 2.3203410244525 -1.0623183675829777 -2.1082531552240336
-348.83899 48.46413 318.30797 3.084099361024933 -1.1256307087178554 -3.0958482192172445
-331.87309 85.00404 337.16227 2.6743440562007668 -1.1915528406387224 -2.9353379700980446
-343.94304 99.25296 313.77827 2.6112160218317557 -1.1968232112910666 -2.900971390514956
-363.95548 56.86239 394.23376 1.9648677273674335 -1.2464247696549333 -2.2482748100706447
-365.12243 27.9308 357.86122 -2.1038304909749224 -1.0881268998578224 2.019033147114489
-323.35117 -66.81463 322.57733 2.945384957765767 -1.213877521253089 -2.767005329937767
-340.8236 -52.33374 294.41299 2.972332491891033 -1.139043912856478 -2.8711684977821337
-350.79322 -23.72571 271.11401 2.7547836620591557 -1.1003503130656556 -2.886364032122489
-341.04885 7.55326 268.78837 2.960309966076678 -1.1152697363230555 2.8293359233851447
-341.67353 39.64841 287.68105 2.6586128803221114 -1.1296596266944332 2.8295439666284334
-301.27906 -6.67885 297.27443 2.9778297553422663 -1.2592408966666335 2.8266420077306447
-318.17415 -27.90594 282.41648 -3.069727447544545 -1.2088795964923333 2.8280157563614554
-308.11906 -50.68027 306.22302 -2.8913851697619 -1.309192917138322 2.8255880034133445
-301.19413 -19.36235 305.53948 3.092585849835067 -1.3104595025548889 2.8247746799957887
-385.59195 34.05961 297.12684 2.8484109755206557 -1.3342102916767333 2.824050368368567
-396.43496 37.46279 270.64837 2.382953837635111 -1.1597934338477887 -2.9641805826928
-401.7825 -2.49092 300.22243 2.616420768105345 -1.2298019050766444 -2.8264844045018775
-335.69267 -54.31666 302.86166 2.8777763142174666 -1.2617843649421778 -2.8017159139105554
-342.36315 -52.23763 290.65365 -2.3566475374660887 -1.0875200488872556 2.3642088272555224
-326.36495 4.00671 291.10646 -2.8468302308440885 -1.126389054264911 2.2945454076139002
-323.19217 18.45795 278.53181 2.584344933126422 -0.9544743004089445 3.093814387074589
-309.61258 14.20195 310.20018 2.4606702063080665 -1.1467863678191779 -3.0815600815395228
-315.24241 -23.96104 327.29904 2.7270660886810445 -1.3175026040982445 -3.002593533544689
-319.43593 -46.01989 327.86279 -2.289154958311067 -1.2238529504227 2.1868800621522224
-308.73659 -49.15202 342.41745 -2.0078185341970998 -1.308761297221667 1.916324362111
-333.27796 -32.90198 302.56513 2.2902084390296 -1.2468111855447335 -2.4148512999675225
-325.21147 2.04242 298.18297 2.2784356698269446 -1.1445853331370333 -2.7294969832217553
-375.80099 17.90654 306.7554 2.2165361726974555 -1.1715388013816554 -2.6728685548763003
-383.85275 -2.3105 306.29197 2.302498872879567 -1.2064223474803666 -2.5580000611815894
-363.34945 -8.71252 332.61205 -1.647406479011911 -1.2816615703882224 1.354869753680178
-308.2864 -25.921 308.38834 -2.110122228288111 -1.2357611571729998 1.7963462425853114
-309.74323 -25.47069 306.55598 2.1341953797173 -1.236630680191511 -2.397688081462033
-319.38826 -49.55518 299.54219 2.1784038707845 -1.1612458968265225 -2.1763588685348223
-321.41815 -71.31409 296.66206 2.109789743071278 -1.0769910012883555 -1.8705822502562333
-306.1728 -49.66971 320.12278 1.9892663826965666 -1.0198641069170333 -2.007771235775178
-336.65895 -17.63713 349.08772 2.2897550024976665 -1.3310336179593667 -2.5573188591861555
-321.37224 14.37479 349.82133 2.147484490948222 -1.2940129162280445 -2.7485130432295555
-334.08551 -12.41036 333.88077 0.8019841881317 -1.497506784366289 -1.141641311804989
-352.40286 -6.71316 292.26947 1.7158811549202777 -1.5153342751737555 -2.0538334410093
-356.78211 -23.51163 292.31046 1.7123943362001224 -1.5165839308968667 -1.8882818084317112
-350.15629 -3.15889 290.47429 2.637671896715122 -1.3360013485245779 -3.003102471545889
-315.22508 -90.61833 297.03647 2.396022164719422 -1.2390381873206444 -2.788334998362544
-327.09912 -73.59606 260.67841 2.6004782328578777 -1.1398807982185333 3.061744835280867
-390.80799 -21.1397 298.5956 2.6550897587541336 -1.2480803889551333 2.8639381224132334
-390.74285 -22.24151 298.5814 -2.546554715741022 -1.2254047226341778 1.7344270232356112
-390.74459 -22.24538 298.58527 2.0571226884615004 -0.9273864418142113 -2.754465663074867
-401.47591 -37.03686 294.83295 2.151225778668978 -0.9576286339122666 -2.6679263061177334
-380.40778 -38.41068 323.59726 1.8455182754275887 -1.1495352613441776 -2.4004767684933004
-314.64353 -42.65173 344.5558 1.9401208788584667 -1.107131091626911 -2.4859528708882555
-355.11209 -14.91222 314.56865 2.5760001650491335 -1.3151247675658888 2.825983320482178
-374.70443 -25.67657 293.90503 2.6506662218404116 -1.1735310946888224 2.8921792945580114
-382.16895 -43.40644 297.07496 2.9007198885740335 -1.215652695605011 2.842654705212844
-320.11221 -72.52231 320.78633 -3.0040170240583337 -1.3170126901855668 2.7176926235601777
-302.27189 -97.5067 287.55447 2.6342002623592005 -1.1703860114303777 -2.648513881843567
-297.7831 -71.17841 288.60531 2.453976170609156 -1.1282139704996668 -2.718979454795722
-347.95286 -42.95237 296.00552 2.3135841569015887 -1.0554644597273113 -2.827116562746167
-324.95475 -23.91713 313.46015 2.0757966639417442 -1.1274872154115334 -2.8357166724886667
-324.97137 -23.91413 313.43465 -2.8378775645987 -1.3514454177461777 2.029067393878889
-324.9749 -23.91003 313.42478 -2.0671688034646114 -1.1195325284154112 1.2224596541046
-333.87947 -34.7234 311.16263 -2.083337184313433 -1.0837677655924 1.3645509203429222
-341.42775 -46.57247 309.20822 -2.0894179113236557 -1.0474652668360223 1.4971992573573334
-342.49661 -68.99656 320.83781 -1.9894508639953556 -0.9944198248508667 1.6271529805855556
-342.48867 -68.9877 320.85736 2.8806386541419116 -1.3395757827716888 3.1085973255868113
-348.07361 -83.93139 316.84583 3.0276517487869 -1.314165709158278 3.106240433005122
-305.79263 -57.97209 368.22097 2.7381726657195777 -1.4167860059702 3.1213846546663446
-318.87056 -57.14361 349.97493 2.2532397481091 -1.1175976564396555 -2.641197985342778
-318.87687 -57.131 349.96301 -2.206743479497411 -1.0871690631806668 1.7102027262957777
-368.93388 -37.45171 338.16144 -2.719373724667022 -1.2232258536331555 2.0704168611471667
-361.62654 -19.34091 332.20558 -3.0980293571462556 -1.2378091264823556 2.229944140848411
-346.39807 -20.30689 352.12623 -2.5148118895777 -1.3198636854700667 1.6694471945618223
-382.35068 -18.01564 285.95856 -3.0692164151482775 -1.2459247328327667 2.2025323491500335
-337.94288 -33.12641 241.40919 3.0766511685691 -1.0795552389816445 2.4552169251532336
-353.30404 -87.01926 335.87144 2.9339010405493893 -1.2887552864790222 2.5220762988664336
-387.17488 -86.52788 339.65855 2.5058176844968223 -1.1834751079324335 2.841974899480789
-409.76067 -83.12393 277.40957 2.851433362134778 -1.2689777393315667 2.2793969971625443
-397.27896 -75.01431 294.32227 2.400078309831867 -1.3975191421531667 2.5868301074059445
-385.00664 -73.00164 311.82621 -1.8056776452719223 -1.0971846349223888 0.4988307996741111
-376.63129 -79.31454 334.50876 2.3368476501045894 -1.0635917597835112 2.831159443356522
-381.1364 -96.01246 351.37633 -3.1349366124781333 -1.1399045346959555 2.284872269465578
-392.09342 -113.70017 329.44206 -3.111599117316111 -0.9750576660582999 2.4140861476365
-350.59953 -119.49819 362.52264 2.9280163140108226 -0.8174300026825222 2.841819390647089
-317.11441 -113.92187 339.60176 3.137407125992189 -1.0237003405474778 2.6727266596105337
-370.56932 -98.61874 327.92682 3.0340731640613 -1.2130823492594442 2.530065019782389
-366.98676 -38.37973 327.30518 3.129674270340211 -1.0488742711171222 2.4423486127977894
-352.49146 -26.44051 348.52583 -3.103506200245589 -1.1921129167861333 2.272765095183945
-354.04133 -35.69427 355.93781 2.089518616819778 -1.2191183958415779 -2.7230493880090223
-322.70996 -66.88254 304.71372 2.559911720278689 -0.9914573030290666 -2.8580172675597666
-319.84983 -84.52266 320.46657 2.5975146638385445 -1.1299854796602222 -2.739571547091189
-294.5614 7.50621 424.03059 2.5198670611369445 -1.3754553882575222 -2.730882076492511
-311.89611 -6.97474 319.87602 -2.928881997305045 -1.1737656669362888 2.9611318416074224
-342.07845 -37.97653 367.74021 2.422179413772867 -1.4205196142423777 -2.2646322100742333
-347.33489 -35.61692 309.38509 -3.1210579290359446 -1.2981343366534 -2.9911087436637
-370.83495 -25.31552 250.01421 -3.0803139164748554 -1.2794546015867223 -3.0302180808752555
-363.33808 10.29803 263.23977 2.832256731838534 -1.2399337157445667 -3.017370363404633
-337.08795 -1.16389 316.25229 2.310924798765689 -1.3769452012816112 -2.512414679890978
-348.50561 3.84496 290.29695 1.994481077346722 -1.190559050179589 -2.177617599969889
-342.11151 52.63492 280.5892 2.138674592633211 -1.1016242288649556 -2.644566994340433
-343.05936 22.10353 296.43335 1.9172225085287558 -1.1886131826297333 -2.1991385564774224
-356.17223 7.70287 279.94386 2.124258347790578 -1.2051159685575334 -2.2144208336801223
-356.15584 -17.19681 282.76182 2.1189321266031222 -1.2507097274284114 -1.9822339276614664
-372.90115 -9.02723 254.67753 2.7788089914676557 -1.186107413465389 -2.6041718730908667
-336.54462 -27.01848 326.44681 2.7256408528381777 -1.1987346958552445 -2.5534122887880555
-336.37121 -27.09444 326.71534 2.3203410244525 -1.0623183675829777 -2.1082531552240336
-348.83899 48.4641 318.30797 3.084099361024933 -1.1256305341849335 -3.0958480446843226
-331.8731 85.00402 337.16226 2.6743440562007668 -1.1915528406387224 -2.9353379700980446
-343.94304 99.25295 313.77831 2.6112158472988334 -1.196823385823989 -2.9009712159820333
-363.95549 56.86239 394.23376 1.9648677273674335 -1.2464247696549333 -2.2482748100706447
-365.12245 27.93082 357.86123 -2.1038304909749224 -1.0881267253249 2.019033147114489
-323.35116 -66.81461 322.57735 2.945384957765767 -1.2138776957860111 -2.767005504470689
-340.82362 -52.33376 294.413 2.972332491891033 -1.139043912856478 -2.8711684977821337
-350.79319 -23.72574 271.11402 2.7547834875262334 -1.100350487598578 -2.886363857589567
-341.04886 7.55328 268.78836 2.960309966076678 -1.1152697363230555 2.8293359233851447
-341.67351 39.64844 287.68103 2.6586128803221114 -1.129659452161511 2.8295439666284334
-301.27906 -6.67888 297.2744 2.9778295808093445 -1.2592407221337112 2.826642356796489
-318.17414 -27.90595 282.41649 -3.0697276220774667 -1.2088795964923333 2.8280159308943777
-308.11907 -50.68026 306.22299 -2.891384995228978 -1.3091927426054 2.8255878288804226
-301.19414 -19.36236 305.53946 3.092585849835067 -1.3104593280219665 2.8247746799957887
-385.59192 34.0596 297.12686 2.8484108009877334 -1.3342102916767333 2.824050368368567
-396.43497 37.46275 270.6484 2.382953837635111 -1.1597936083807112 -2.9641804081598777
-401.78252 -2.49094 300.22244 2.616420768105345 -1.2298019050766444 -2.826484229968955
-335.69267 -54.31664 302.86171 2.8777757906187005 -1.2617845394751 -2.801715564844711
-342.36315 -52.23763 290.65365 -2.3566475374660887 -1.0875200488872556 2.3642088272555224
-326.36496 4.00672 291.10643 -2.846830579909933 -1.1263888797319888 2.2945455821468226
-323.19214 18.45794 278.53182 2.584344933126422 -0.9544744749418665 3.093814387074589
-309.61256 14.20192 310.2002 2.4606700317751447 -1.1467863678191779 -3.0815599070066
-315.24241 -23.96104 327.29907 2.727066263213967 -1.3175026040982445 -3.0025937080776113
-319.43593 -46.01988 327.86276 -2.289154958311067 -1.2238529504227 2.1868800621522224
-308.73656 -49.15202 342.41745 -2.007818359664178 -1.3087611226887446 1.9163241875780779
-333.27796 -32.90199 302.56516 2.2902080899637554 -1.2468111855447335 -2.4148511254346
-325.21146 2.04243 298.18299 2.2784356698269446 -1.1445855076699556 -2.7294969832217553
-375.801 17.90652 306.7554 2.2165361726974555 -1.1715389759145778 -2.6728685548763003
-383.85278 -2.31049 306.29197 2.302498872879567 -1.2064223474803666 -2.5580000611815894
-363.34945 -8.71255 332.61204 -1.647406479011911 -1.2816615703882224 1.3548699282131003
-308.2864 -25.921 308.38837 -2.110122053755189 -1.2357611571729998 1.796346068052389
-309.74321 -25.47069 306.55599 2.1341953797173 -1.2366308547244333 -2.397688081462033
-319.38825 -49.55518 299.54218 2.1784040453174223 -1.1612457222936001 -2.176359043067744
-321.41815 -71.31408 296.66204 2.1097899176042 -1.0769910012883555 -1.8705824247891554
-306.17278 -49.66972 320.12281 1.9892662081636445 -1.0198641069170333 -2.0077710612422557
-336.65897 -17.63711 349.08772 2.289754827964744 -1.3310336179593667 -2.557318684653233
-321.37224 14.37477 349.82135 2.1474843164153 -1.2940127416951224 -2.7485128686966336
-334.0855 -12.41035 333.88076 0.8019843626646223 -1.4975069588992114 -1.1416416608708333
-352.40285 -6.71314 292.26944 1.7158827257165779 -1.5153342751737555 -2.0538350118056004
-356.78211 -23.51164 292.31046 1.7123938126013554 -1.5165839308968667 -1.8882812848329444
-350.15632 -3.15888 290.47427 2.637672245780967 -1.3360013485245779 -3.0031029951446557
-315.22506 -90.61834 297.03644 2.396022164719422 -1.2390381873206444 -2.788334998362544
-327.09913 -73.59604 260.67839 2.6004780583249554 -1.1398806236856112 3.0617446607479444
-390.80798 -21.13969 298.59561 2.655089933287056 -1.2480803889551333 2.8639379478803106
-390.74284 -22.24149 298.58139 -2.546554715741022 -1.2254045481012557 1.7344271977685335
-390.74459 -22.24536 298.58524 2.0571226884615004 -0.9273864418142113 -2.754465837607789
-401.47589 -37.03685 294.83294 2.151225778668978 -0.9576286339122666 -2.6679264806506557
-380.40776 -38.41069 323.59725 1.845518449960511 -1.1495352613441776 -2.4004769430262227
-314.64353 -42.65173 344.55579 1.9401210533913889 -1.1071312661598334 -2.4859528708882555
-355.11208 -14.91223 314.56866 2.575999990516211 -1.3151247675658888 2.8259834950151004
-374.70442 -25.67658 293.90505 2.650666396373334 -1.1735310946888224 2.892179120025089
-382.16896 -43.40646 297.07498 2.9007202376398777 -1.2156528701379334 2.8426545306799222
-320.11221 -72.52229 320.78636 -3.004016849525411 -1.3170126901855668 2.7176926235601777
-302.27191 -97.50666 287.55448 2.6342000878262777 -1.1703860114303777 -2.648513881843567
-297.78311 -71.1784 288.60531 2.4539759960762333 -1.1282139704996668 -2.7189792802628
-347.95286 -42.95237 296.00555 2.313583982368667 -1.0554644597273113 -2.8271163882132444
-324.95476 -23.91714 313.4601 2.0757968384746666 -1.127487040878611 -2.8357168470215894
-324.97137 -23.91413 313.43461 -2.8378780881974666 -1.3514452432132555 2.0290679174776556
-324.97491 -23.91001 313.42478 -2.0671686289316886 -1.1195325284154112 1.2224593050387556
-333.87949 -34.72342 311.16261 -2.0833373588463555 -1.0837677655924 1.3645509203429222
-341.42775 -46.57248 309.20824 -2.0894177367907334 -1.0474654413689444 1.4971990828244113
-342.49661 -68.99656 320.83783 -1.9894508639953556 -0.9944199993837889 1.6271529805855556
-342.48867 -68.98768 320.85734 2.880639003207756 -1.3395757827716888 3.1085969765209667
-348.0736 -83.9314 316.8458 3.027651923319822 -1.314165709158278 3.1062400839392774
-305.79266 -57.9721 368.22096 2.7381730147854224 -1.4167860059702 3.1213846546663446
-318.87056 -57.14364 349.97492 2.2532397481091 -1.1175976564396555 -2.6411978108098553
-318.87687 -57.131 349.96299 -2.2067436540303333 -1.0871690631806668 1.7102027262957777
-368.93386 -37.45174 338.16149 -2.7193732010682554 -1.2232260281660778 2.0704165120813225
-361.62652 -19.34089 332.2056 -3.0980291826133333 -1.2378091264823556 2.229943966315489
-346.39807 -20.3069 352.12625 -2.5148115405118556 -1.3198636854700667 1.6694471945618223
-382.35067 -18.01563 285.95856 -3.0692165896812003 -1.2459247328327667 2.2025323491500335
-337.94287 -33.12639 241.40917 3.0766511685691 -1.0795552389816445 2.4552169251532336
-353.30407 -87.01924 335.87141 2.9339010405493893 -1.2887552864790222 2.5220762988664336
-387.17487 -86.52792 339.65853 2.5058178590297446 -1.1834749333995112 2.841974899480789
-409.76066 -83.12392 277.40958 2.8514335366677006 -1.2689777393315667 2.279396822629622
-397.27898 -75.01428 294.32223 2.400078309831867 -1.3975189676202444 2.586830281938867
-385.00664 -73.00164 311.82621 -1.805677470739 -1.0971844603894667 0.49883062514118887
-376.63131 -79.31456 334.50872 2.3368476501045894 -1.0635917597835112 2.831159443356522
-381.1364 -96.01243 351.37638 -3.134936437945211 -1.1399045346959555 2.284872094932656
-392.09344 -113.7002 329.44205 -3.111599117316111 -0.9750576660582999 2.414086322169422
-350.59952 -119.49819 362.52262 2.9280163140108226 -0.8174300026825222 2.8418195651800113
-317.11441 -113.92188 339.60174 3.137407125992189 -1.0237003405474778 2.672726834143455
-370.56934 -98.61872 327.9268 3.0340731640613 -1.2130823492594442 2.530065019782389
-366.98674 -38.37975 327.30516 3.129674270340211 -1.0488742711171222 2.4423486127977894
-352.49144 -26.44053 348.52584 -3.103506200245589 -1.1921129167861333 2.272765095183945
-354.04134 -35.69425 355.93779 2.089518616819778 -1.2191183958415779 -2.7230495625419446
-322.70994 -66.88252 304.71371 2.559911720278689 -0.9914573030290666 -2.8580172675597666
-319.84982 -84.52269 320.46658 2.5975146638385445 -1.1299854796602222 -2.7395713725582667
-294.5614 7.50621 424.03059 2.5198670611369445 -1.3754553882575222 -2.730882076492511
-311.89611 -6.97474 319.87602 -2.928881997305045 -1.1737656669362888 2.9611318416074224
-342.07845 -37.97653 367.74021 2.422179413772867 -1.4205196142423777 -2.2646322100742333
-347.33489 -35.61692 309.38509 -3.1210579290359446 -1.2981343366534 -2.9911087436637
-370.83495 -25.31552 250.01421 -3.0803139164748554 -1.2794546015867223 -3.0302180808752555
-363.33808 10.29803 263.23977 2.832256731838534 -1.2399337157445667 -3.017370363404633
-337.08795 -1.16389 316.25229 2.310924798765689 -1.3769452012816112 -2.512414679890978
-348.50561 3.84496 290.29695 1.994481077346722 -1.190559050179589 -2.177617599969889
-342.11151 52.63492 280.5892 2.138674592633211 -1.1016242288649556 -2.644566994340433
-343.05936 22.10353 296.43335 1.9172225085287558 -1.1886131826297333 -2.1991385564774224
-356.17223 7.70287 279.94386 2.124258347790578 -1.2051159685575334 -2.2144208336801223
-356.15584 -17.19681 282.76182 2.1189321266031222 -1.2507097274284114 -1.9822339276614664
-372.90115 -9.02723 254.67753 2.7788089914676557 -1.186107413465389 -2.6041718730908667
-336.54462 -27.01848 326.44681 2.7256408528381777 -1.1987346958552445 -2.5534122887880555
-336.37121 -27.09444 326.71534 2.3203410244525 -1.0623183675829777 -2.1082531552240336
-348.83899 48.4641 318.30797 3.084099361024933 -1.1256305341849335 -3.0958480446843226
-331.8731 85.00402 337.16226 2.6743440562007668 -1.1915528406387224 -2.9353379700980446
-343.94304 99.25295 313.77831 2.6112158472988334 -1.196823385823989 -2.9009712159820333
-363.95549 56.86239 394.23376 1.9648677273674335 -1.2464247696549333 -2.2482748100706447
-365.12245 27.93082 357.86123 -2.1038304909749224 -1.0881267253249 2.019033147114489
-323.35116 -66.81461 322.57735 2.945384957765767 -1.2138776957860111 -2.767005504470689
-340.82362 -52.33376 294.413 2.972332491891033 -1.139043912856478 -2.8711684977821337
-350.79319 -23.72574 271.11402 2.7547834875262334 -1.100350487598578 -2.886363857589567
-341.04886 7.55328 268.78836 2.960309966076678 -1.1152697363230555 2.8293359233851447
-341.67351 39.64844 287.68103 2.6586128803221114 -1.129659452161511 2.8295439666284334
-301.27906 -6.67888 297.2744 2.9778295808093445 -1.2592407221337112 2.826642356796489
-318.17414 -27.90595 282.41649 -3.0697276220774667 -1.2088795964923333 2.8280159308943777
-308.11907 -50.68026 306.22299 -2.891384995228978 -1.3091927426054 2.8255878288804226
-301.19414 -19.36236 305.53946 3.092585849835067 -1.3104593280219665 2.8247746799957887
-385.59192 34.0596 297.12686 2.8484108009877334 -1.3342102916767333 2.824050368368567
-396.43497 37.46275 270.6484 2.382953837635111 -1.1597936083807112 -2.9641804081598777
-401.78252 -2.49094 300.22244 2.616420768105345 -1.2298019050766444 -2.826484229968955
-335.69267 -54.31664 302.86171 2.8777757906187005 -1.2617845394751 -2.801715564844711
-342.36315 -52.23763 290.65365 -2.3566475374660887 -1.0875200488872556 2.3642088272555224
-326.36496 4.00672 291.10643 -2.846830579909933 -1.1263888797319888 2.2945455821468226
-323.19214 18.45794 278.53182 2.584344933126422 -0.9544744749418665 3.093814387074589
-309.61256 14.20192 310.2002 2.4606700317751447 -1.1467863678191779 -3.0815599070066
-315.24241 -23.96104 327.29907 2.727066263213967 -1.3175026040982445 -3.0025937080776113
-319.43593 -46.01988 327.86276 -2.289154958311067 -1.2238529504227 2.1868800621522224
-308.73656 -49.15202 342.41745 -2.007818359664178 -1.3087611226887446 1.9163241875780779
-333.27796 -32.90199 302.56516 2.2902080899637554 -1.2468111855447335 -2.4148511254346
-325.21146 2.04243 298.18299 2.2784356698269446 -1.1445855076699556 -2.7294969832217553
-375.801 17.90652 306.7554 2.2165361726974555 -1.1715389759145778 -2.6728685548763003
-383.85278 -2.31049 306.29197 2.302498872879567 -1.2064223474803666 -2.5580000611815894
-363.34945 -8.71255 332.61204 -1.647406479011911 -1.2816615703882224 1.3548699282131003
-308.2864 -25.921 308.38837 -2.110122053755189 -1.2357611571729998 1.796346068052389
-309.74321 -25.47069 306.55599 2.1341953797173 -1.2366308547244333 -2.397688081462033
-319.38825 -49.55518 299.54218 2.1784040453174223 -1.1612457222936001 -2.176359043067744
-321.41815 -71.31408 296.66204 2.1097899176042 -1.0769910012883555 -1.8705824247891554
-306.17278 -49.66972 320.12281 1.9892662081636445 -1.0198641069170333 -2.0077710612422557
-336.65897 -17.63711 349.08772 2.289754827964744 -1.3310336179593667 -2.557318684653233
-321.37224 14.37477 349.82135 2.1474843164153 -1.2940127416951224 -2.7485128686966336
-334.0855 -12.41035 333.88076 0.8019843626646223 -1.4975069588992114 -1.1416416608708333
-352.40285 -6.71314 292.26944 1.7158827257165779 -1.5153342751737555 -2.0538350118056004
-356.78211 -23.51164 292.31046 1.7123938126013554 -1.5165839308968667 -1.8882812848329444
-350.15632 -3.15888 290.47427 2.637672245780967 -1.3360013485245779 -3.0031029951446557
-315.22506 -90.61834 297.03644 2.396022164719422 -1.2390381873206444 -2.788334998362544
-327.09913 -73.59604 260.67839 2.6004780583249554 -1.1398806236856112 3.0617446607479444
-390.80798 -21.13969 298.59561 2.655089933287056 -1.2480803889551333 2.8639379478803106
-390.74284 -22.24149 298.58139 -2.546554715741022 -1.2254045481012557 1.7344271977685335
-390.74459 -22.24536 298.58524 2.0571226884615004 -0.9273864418142113 -2.754465837607789
-401.47589 -37.03685 294.83294 2.151225778668978 -0.9576286339122666 -2.6679264806506557
-380.40776 -38.41069 323.59725 1.845518449960511 -1.1495352613441776 -2.4004769430262227
-314.64353 -42.65173 344.55579 1.9401210533913889 -1.1071312661598334 -2.4859528708882555
-355.11208 -14.91223 314.56866 2.575999990516211 -1.3151247675658888 2.8259834950151004
-374.70442 -25.67658 293.90505 2.650666396373334 -1.1735310946888224 2.892179120025089
-382.16896 -43.40646 297.07498 2.9007202376398777 -1.2156528701379334 2.8426545306799222
-320.11221 -72.52229 320.78636 -3.004016849525411 -1.3170126901855668 2.7176926235601777
-302.27191 -97.50666 287.55448 2.6342000878262777 -1.1703860114303777 -2.648513881843567
-297.78311 -71.1784 288.60531 2.4539759960762333 -1.1282139704996668 -2.7189792802628
-347.95286 -42.95237 296.00555 2.313583982368667 -1.0554644597273113 -2.8271163882132444
-324.95476 -23.91714 313.4601 2.0757968384746666 -1.127487040878611 -2.8357168470215894
-324.97137 -23.91413 313.43461 -2.8378780881974666 -1.3514452432132555 2.0290679174776556
-324.97491 -23.91001 313.42478 -2.0671686289316886 -1.1195325284154112 1.2224593050387556
-333.87949 -34.72342 311.16261 -2.0833373588463555 -1.0837677655924 1.3645509203429222
-341.42775 -46.57248 309.20824 -2.0894177367907334 -1.0474654413689444 1.4971990828244113
-342.49661 -68.99656 320.83783 -1.9894508639953556 -0.9944199993837889 1.6271529805855556
-342.48867 -68.98768 320.85734 2.880639003207756 -1.3395757827716888 3.1085969765209667
-348.0736 -83.9314 316.8458 3.027651923319822 -1.314165709158278 3.1062400839392774
-305.79266 -57.9721 368.22096 2.7381730147854224 -1.4167860059702 3.1213846546663446
-318.87056 -57.14364 349.97492 2.2532397481091 -1.1175976564396555 -2.6411978108098553
-318.87687 -57.131 349.96299 -2.2067436540303333 -1.0871690631806668 1.7102027262957777
-368.93386 -37.45174 338.16149 -2.7193732010682554 -1.2232260281660778 2.0704165120813225
-361.62652 -19.34089 332.2056 -3.0980291826133333 -1.2378091264823556 2.229943966315489
-346.39807 -20.3069 352.12625 -2.5148115405118556 -1.3198636854700667 1.6694471945618223
-382.35067 -18.01563 285.95856 -3.0692165896812003 -1.2459247328327667 2.2025323491500335
-337.94287 -33.12639 241.40917 3.0766511685691 -1.0795552389816445 2.4552169251532336
-353.30407 -87.01924 335.87141 2.9339010405493893 -1.2887552864790222 2.5220762988664336
-387.17487 -86.52792 339.65853 2.5058178590297446 -1.1834749333995112 2.841974899480789
-409.76066 -83.12392 277.40958 2.8514335366677006 -1.2689777393315667 2.279396822629622
-397.27898 -75.01428 294.32223 2.400078309831867 -1.3975189676202444 2.586830281938867
-385.00664 -73.00164 311.82621 -1.805677470739 -1.0971844603894667 0.49883062514118887
-376.63131 -79.31456 334.50872 2.3368476501045894 -1.0635917597835112 2.831159443356522
-381.1364 -96.01243 351.37638 -3.134936437945211 -1.1399045346959555 2.284872094932656
-392.09344 -113.7002 329.44205 -3.111599117316111 -0.9750576660582999 2.414086322169422
-350.59952 -119.49819 362.52262 2.9280163140108226 -0.8174300026825222 2.8418195651800113
-317.11441 -113.92188 339.60174 3.137407125992189 -1.0237003405474778 2.672726834143455
-370.56934 -98.61872 327.9268 3.0340731640613 -1.2130823492594442 2.530065019782389
-366.98674 -38.37975 327.30516 3.129674270340211 -1.0488742711171222 2.4423486127977894
-352.49144 -26.44053 348.52584 -3.103506200245589 -1.1921129167861333 2.272765095183945
-354.04134 -35.69425 355.93779 2.089518616819778 -1.2191183958415779 -2.7230495625419446
-322.70994 -66.88252 304.71371 2.559911720278689 -0.9914573030290666 -2.8580172675597666
-319.84982 -84.52269 320.46658 2.5975146638385445 -1.1299854796602222 -2.7395713725582667
