4.561659475842133 1.4416496170041335 -2.2894137906347227 0.6750093928199667 -1.4601064735291334 -4.526192989783199
4.559825832961266 1.4416257059937887 -2.2893778368527444 0.6752968485428666 -1.2975164901087333 -4.526504531049366
4.559849918504533 1.3123278774872777 -2.111951507845922 0.8597102540250112 -1.4647682478816888 -4.526504531049366
4.559825832961266 1.2759438718562222 -1.8546261014408332 0.6369474276746666 -1.5590961364929887 -4.5265284420597105
4.559789879179289 1.1421160413534333 -1.8546142332021223 0.8726052699175556 -1.2220877244473445 -4.5265284420597105
4.559813964722555 1.1423315895123776 -1.8546142332021223 0.6631329510615112 -0.8679059709867223 -4.526516399288077
4.442320495877622 1.1426433053114666 -1.8543505139566443 0.8265498714674 -1.4514897831590226 1.5482630525435777
4.4422367200749555 1.0227290648353111 -1.8542906491643225 0.9180854078560667 -1.6357112024267224 1.5482750953152111
4.434159336434511 1.2498421242720446 -1.854314560174667 0.8320385828054444 -1.4097127102313 1.5483349601075331
4.434135250891244 1.4296414028894 -1.8543985105102558 0.565377584923611 -1.1656420320714556 1.5483349601075331
4.176102986151156 1.4296654884326667 -1.8543864677386224 0.33319521676093333 -1.0709546056403778 1.5483829566611447
4.176102986151156 1.205344781218567 -1.8543505139566443 0.5181718399830889 -1.2732124316234446 1.5483588711178777
4.1761268971615 1.205344781218567 -1.8543266029463 0.5183395661213445 -1.580260173174578 1.5483709138895112
4.177025741710945 1.1410014741121224 -1.8542665636210558 0.9325742583943444 -1.836590741923 1.5483588711178777
4.293548458442478 1.1410133423508333 -1.8542665636210558 0.9325262618407333 -1.8368904149504557 1.8770022692672557
4.293488419117233 1.1410253851224668 -1.8543025174030334 0.932562215622711 -2.089134295325045 1.876870496910978
4.293488419117233 1.3414136144426887 -1.854362556728278 0.7032201962362779 -2.4463960312641224 1.8769303617032997
4.292265990529989 1.341509433016989 -1.8543505139566443 0.7031721996826666 -2.0664003350080664 1.8769424044749334
4.291583043205334 1.5110262790545446 -1.8543505139566443 0.29212535123405553 -1.839826582301 1.8769303617032997
4.291594911444045 1.5110262790545446 -1.8543025174030334 0.29248488905383335 -1.5218731511048111 1.5348407726929998
4.291606954215679 1.3378063680062 -1.8543025174030334 0.33947491130248886 -1.5216214746309669 1.5348407726929998
4.291583043205334 1.2010903667064778 -1.8542786063926888 0.8590030466241667 -1.5217172932052667 1.5348407726929998
4.291606954215679 1.2012940466267112 -1.8542665636210558 0.6312189081014888 -2.2996852276404223 1.5348407726929998
4.439036833478933 1.2795629865314222 -1.8542786063926888 0.4092591077262889 -1.2292662635383445 1.5348526409317111
4.438641341877178 1.6764086146975778 -2.263012544556011 0.6143211541707 -1.5620202610719 1.5348526409317111
4.365501750023656 1.4859073263554 -2.2629886335456666 0.8837624615035333 -1.2038357695730335 1.5348407726929998
4.1268597438766115 1.448025304652911 -2.2586862224799664 0.7986506093172555 -1.8369862335247555 1.5348526409317111
4.127506911952211 1.3649746862780778 -2.2586384004592777 0.7989022857911 -2.3651670129985223 1.5348646837033446
4.127339185813955 1.2718212297004112 -2.100039112305489 0.9718584775939667 -1.9538204915224557 1.534888594713689
4.1273630968243005 1.1076972764266 -1.785848610912411 0.7374951460352 -1.8992084420274333 1.5349845878209112
4.127423136149544 1.1078051377725333 -1.9893047799394556 0.7375429680558889 -1.8989806765639334 1.5349486340389331
4.257547727108622 1.1078051377725333 -1.9893407337214333 0.9369604452627112 -1.9006104649916447 1.5347088258038002
4.257523816098278 1.4266453707465334 -2.175443792423611 0.7314669534345667 -1.9002989237254777 1.3940619940297887
4.167114889722556 1.1446205887873222 -1.9030184957195444 0.7313231383066555 -2.3390893509576114 1.3943375815139778
3.9708971245788334 1.1084163520661556 -1.903006452947911 0.8317629953212555 -2.7337777522051 1.7047531103323113
3.820650807549678 1.1085242134120887 -1.9029225026123224 0.9023020466336666 -2.7342212403604664 1.7049688330241781
3.8209504805771335 1.1085360816508 -1.9029225026123224 0.9022660928516889 -3.206938947810455 1.7049688330241781
4.1091710067423115 1.1117719220288 -1.9029345453839555 0.9142264849457333 -2.6591520125188555 1.704980701262889
4.007460899119778 1.0847114651028555 -1.6660904028687222 0.8239013343726778 -3.179483173815678 1.705436057656967
3.8270984027624113 1.0905598887935999 -1.6663780331245446 0.7695648723618446 -3.8640100214173447 1.7051725129444113
3.8900156013613776 1.0906197535859223 -1.6665337164911667 0.5160744778567444 -3.511074607554311 1.665217040125922
4.116960760126934 1.0907276149318557 -1.6668333895186225 0.5161943819743111 -3.6878658112571667 1.6651571753336003
4.1438894446966 1.0908834728314 -1.6668693433006 0.5165179660121111 -3.0155868114724442 1.6651571753336003
4.066639078925978 1.0900684040846222 -1.6663539475812779 0.7562024573035889 -2.7331305841295 1.6663195645956002
4.267626479768189 1.0260846347979558 -1.6665935812834891 0.7492515091431667 -2.177122624602467 1.6662956535852556
4.2605437592514885 1.2254542899840888 -1.6667373964114003 0.4309865366808111 -1.9942433635066557 1.6661158846753668
4.2605437592514885 1.2254422472124558 -1.6667373964114003 0.4206800185577445 -1.3756534831242446 1.6661397956857111
4.2631804281075 1.397415818663211 -1.9611538413154668 0.49526997899493336 -1.735348033466178 1.6661158846753668
4.263192296346212 1.3974399042064778 -1.9611658840871002 0.49526997899493336 -2.3962780299834 1.6657083503019776
4.260388075884867 1.4131272723216557 -1.9611658840871002 0.4949703059674778 -1.515353648328122 1.665780257865933
4.259776861591244 1.4131152295500222 -1.9612018378690776 0.4949942169778222 -1.0711584600935333 1.6658043434092002
