-0.84246 -530.87068 89.4282 -2.3775290053465996 -1.3319136129532112 -2.612335475994889
-48.04056 -514.01768 91.20128 -2.4509269059250114 -1.3547594488733334 -2.702787686535322
-13.48179 -616.08075 158.79926 -1.267382159356611 -1.3695844498198113 2.5851839128835445
6.0389 -676.71355 206.47261 -1.2660953281210667 -1.3754679546279223 2.678059862114878
-94.14107 -670.87609 185.83634 -1.0050617952504446 -1.2875098195460444 2.088640018089311
-173.70222 -583.69171 128.09155 -1.8105064476310446 -1.412249371722878 2.5223466503629557
-110.01656 -686.36402 175.09728 0.07673217752454443 -1.4564356971089556 1.1034030684082445
-59.65121 -713.14223 120.16378 0.31437271376387776 -1.4799936273517444 1.0502132876964112
-124.53443 -671.05162 250.04513 -0.0641057677993 -1.345756866212189 1.1930557436319777
-175.66728 -592.44021 282.06269 -0.25074429350685556 -1.437432378004478 1.136679166293289
-324.52013 -483.51933 218.27146 2.452280932335611 -1.4666586139622777 -1.9167111270666446
-307.68626 -565.31027 126.62794 2.6900546371946 -1.4317286421062556 -1.9517226057973445
-235.92252 -624.03694 124.87476 2.981758840487333 -1.4384635185089665 -1.936293720939978
-185.89874 -691.47482 205.68177 0.3600727631843889 -1.3445719622032224 0.9387705261990777
-105.43375 -708.38692 204.90992 -0.8516368846417778 -1.2465663158548557 2.302314915179544
-29.52465 -711.82775 198.72875 -0.7916558533933555 -1.2985303518539222 2.4911401638696224
88.01459 -652.72897 250.62725 -0.9150076943056 -1.3708026896169223 2.9611510402288665
-23.06906 -680.53299 264.2176 -0.9010206259187111 -1.2994051108601 2.5730259495215444
-67.07213 -621.45933 252.19689 -1.7266664168490002 -1.2473852243259222 3.1380628461809783
-157.05205 -591.80979 252.71481 2.4936749054990557 -1.5071560115042666 -1.3916834593657443
-165.94679 -611.51705 159.48968 2.896264586668466 -1.3884736243931557 -1.7922375630632779
-192.10316 -669.99618 226.07449 0.12268948847241111 -1.3636532975239333 0.9745131233409667
44.54739 -673.16468 157.05467 2.218141177450211 -1.5438889084468443 -0.3389462510810778
-156.41391 -601.53352 145.0893 2.613298374126789 -1.3901280219629002 -1.6545741970617336
-34.44314 -531.61817 209.11332 0.9104115443318 -1.525603617784389 0.37736286712433337
-179.10987 -508.89698 187.20343 -0.02448853978407778 -1.4712120033701335 0.8796455789341555
-140.33744 -560.94213 144.44444 1.9106085834411444 -1.5360255021690443 -0.6589431137306445
17.72884 -571.09303 106.73363 -2.6956424832324664 -1.4972393999294447 -1.8060642356946444
-145.75999 -630.48705 172.54232 0.5904874619108 -1.4102672013252 0.7758857566730444
-205.54442 -692.60224 159.5914 0.7738599530448111 -1.4922231492118556 0.5393163289773889
-167.98001 -635.83982 58.38303 -3.0626595623262336 -1.4341438286839667 -1.9040648205882666
-94.24213 -674.16137 114.5966 0.7999028830342 -1.4955062880117778 0.6449197424959334
-55.41507 -595.81865 155.55651 1.6668080822449 -1.3988941125144334 -0.2199216049094889
-25.75876 -668.82421 124.04644 1.6941907269452665 -1.4119668029218 0.1013453338150889
-48.28509 -633.74438 120.51636 -1.4239532004212556 -1.4698874730233888 -2.865957991922111
-148.02135 -623.8216 129.77119 -0.6869813040868779 -1.5155817628574666 2.532329933514067
-23.8436 -556.31505 114.72955 -1.8299745479073999 -1.5433592010279 -2.1381820607266997
15.24971 -652.11922 135.52814 -0.4137224381462778 -1.508558034468478 2.4734838898588554
33.55738 -605.91315 163.00477 1.6552190962093445 -1.462698985555822 0.8187185792472889
26.41971 -423.12562 128.1532 3.0501371742226335 -1.442605882884989 -0.08002247217427778
46.04432 -501.36178 171.01664 -1.4274508401825892 -1.4190325937450445 -2.1660104625104224
165.42689 -425.19055 173.88034 -1.3594568279420223 -1.4219623033774669 -1.829818864540778
105.3487 -607.04246 162.21983 -1.619653649983511 -1.4172574193931222 -2.2167976230149447
-24.5065 -684.55931 187.9382 0.7751741859491444 -1.471124387843178 1.315618172137011
-39.22765 -746.79987 164.7542 -0.3566461583224 -1.475480205983078 2.093274390773078
-80.09665 -708.94919 216.70151 -1.6649716468372777 -1.4708055161942777 -3.076263181883
-280.28132 -502.59902 193.88818 -2.1617796099428332 -1.4870983390166446 2.7781113833775333
-118.67259 -620.12445 182.59198 -2.1373034619962334 -1.4447088300648447 -2.8629657995035336
77.86446 -612.87354 188.89988 -1.8812673302876 -1.4183578494677334 -2.457044808447667
-181.09295 -592.54978 191.91193 -2.0941646832093332 -1.4646307159389778 -3.1281863771782663
